generations , best_fitness , time_elapsed
1 , 0.0,0.049
2 , 1.3364348778137372E-11,0.051
3 , 1.2497332454407067E-11,0.052
4 , 1.290329550973287E-11,0.052
5 , 1.6312972160787942E-11,0.052
6 , 1.3846632063982324E-11,0.052
7 , 2.592381260877466E-11,0.053
8 , 1.9272236971178068E-11,0.053
9 , 4.966634551611625E-11,0.053
10 , 9.602384018804216E-11,0.053
11 , 4.2431774613912544E-11,0.054
12 , 6.17102739795279E-11,0.054
13 , 5.538951328907654E-11,0.054
14 , 1.1526049040876434E-10,0.054
15 , 1.1597761883316377E-10,0.054
16 , 1.0094441303296353E-10,0.054
17 , 1.0075627765398666E-10,0.055
18 , 1.0854468584448854E-10,0.055
19 , 1.0769903442633207E-10,0.055
20 , 1.3168694557598165E-10,0.055
21 , 1.3168694557598165E-10,0.055
22 , 1.2323250303881708E-10,0.055
23 , 1.294997708086387E-10,0.056
24 , 1.7918532231483541E-10,0.056
25 , 1.7728095480558146E-10,0.056
26 , 1.7947675909740836E-10,0.056
27 , 2.585754726758556E-10,0.056
28 , 2.513608370711441E-10,0.056
29 , 2.1712797515848727E-10,0.057
30 , 2.556196639345102E-10,0.057
31 , 2.5775628059146833E-10,0.057
32 , 2.572613216050992E-10,0.057
33 , 2.5935735876468475E-10,0.057
34 , 2.6066743312750333E-10,0.058
35 , 3.33898334436783E-10,0.058
36 , 3.5541601594043377E-10,0.058
37 , 3.5314941961988654E-10,0.058
38 , 3.416246507573323E-10,0.058
39 , 3.4519158485938747E-10,0.058
40 , 3.6795573708933913E-10,0.058
41 , 4.700781428959205E-10,0.058
42 , 5.864518653509084E-10,0.058
43 , 3.7066154201019145E-10,0.059
44 , 5.48244806507818E-10,0.059
45 , 6.003737772591563E-10,0.059
46 , 9.01243696890838E-10,0.059
47 , 8.300565849332083E-10,0.059
48 , 8.068733207413718E-10,0.059
49 , 1.0828253717967086E-9,0.059
50 , 1.0165392749905872E-9,0.06
51 , 3.503148191163113E-9,0.06
52 , 1.8933366366186063E-9,0.06
53 , 2.6345614402243424E-9,0.06
54 , 3.4394570265302766E-9,0.06
55 , 3.2416450699054413E-9,0.06
56 , 3.472806856186493E-9,0.06
57 , 3.3143197266283734E-9,0.06
58 , 3.603873781433531E-9,0.06
59 , 3.617396412069007E-9,0.061
60 , 4.6017031177143525E-9,0.061
61 , 4.195341496082988E-9,0.061
62 , 4.3802050876366444E-9,0.062
63 , 1.5678695303779502E-8,0.062
64 , 8.730664637583032E-9,0.062
65 , 1.222919033653017E-8,0.063
66 , 1.2773654942664401E-8,0.063
67 , 1.9793953164152894E-8,0.063
68 , 1.6471371003048678E-8,0.063
69 , 2.005289444539792E-8,0.063
70 , 2.005289444539792E-8,0.063
71 , 2.005385694073374E-8,0.063
72 , 3.294729645274619E-8,0.063
73 , 2.882074908884586E-8,0.063
74 , 2.9447025818624147E-8,0.063
75 , 3.591444723574657E-8,0.064
76 , 3.0916543671453375E-8,0.064
77 , 3.372150892086998E-8,0.064
78 , 3.885063601688926E-8,0.064
79 , 3.9022405702678936E-8,0.064
80 , 3.7698566146751905E-8,0.064
81 , 3.918682926835869E-8,0.064
82 , 4.139607001243728E-8,0.064
83 , 4.133078370426699E-8,0.064
84 , 4.133078370426699E-8,0.065
85 , 5.144664069191746E-8,0.065
86 , 4.715927053472872E-8,0.065
87 , 6.512774295676555E-8,0.065
88 , 4.9120983595674244E-8,0.065
89 , 6.78370016046298E-8,0.065
90 , 6.868557108612778E-8,0.065
91 , 1.0038348113807696E-7,0.065
92 , 6.868557108612778E-8,0.065
93 , 7.031059350564561E-8,0.066
94 , 1.2881813532181508E-7,0.066
95 , 1.0083415481385E-7,0.066
96 , 1.3936399514483052E-7,0.066
97 , 1.2679472038827962E-7,0.066
98 , 1.1463220294074437E-7,0.066
99 , 1.3803585783981193E-7,0.066
100 , 3.238022430837727E-7,0.066
101 , 2.1365187135492737E-7,0.066
102 , 2.642177042947046E-7,0.067
103 , 2.947707748799059E-7,0.067
104 , 3.021464459072089E-7,0.067
105 , 3.238022430837727E-7,0.067
106 , 3.326492006991144E-7,0.067
107 , 3.689420419093691E-7,0.067
108 , 3.298856854948004E-7,0.067
109 , 3.54222204909829E-7,0.067
110 , 5.469795448942594E-7,0.067
111 , 4.685255855545931E-7,0.067
112 , 5.480141662846552E-7,0.068
113 , 5.269411723013842E-7,0.068
114 , 5.364808545990563E-7,0.068
115 , 6.043676788962843E-7,0.068
116 , 5.511717915482709E-7,0.068
117 , 1.999836338729619E-6,0.068
118 , 2.9399908156059014E-6,0.068
119 , 2.659444785443755E-6,0.068
120 , 2.711078908777009E-6,0.068
121 , 2.669608017598403E-6,0.068
122 , 3.1101075256608858E-6,0.068
123 , 4.004225903710157E-6,0.069
124 , 3.2595560051847418E-6,0.069
125 , 7.994246462652087E-6,0.069
126 , 6.43222257671522E-6,0.069
127 , 8.527503350650323E-6,0.069
128 , 9.365513470989844E-6,0.069
129 , 8.442774800014721E-6,0.069
130 , 9.376017730475155E-6,0.069
131 , 9.34862730305737E-6,0.069
132 , 1.2086416137554346E-5,0.07
133 , 1.158519211588627E-5,0.07
134 , 1.1915643023202966E-5,0.07
135 , 1.2001006163813196E-5,0.07
136 , 1.2849934561646062E-5,0.07
137 , 1.277434601500016E-5,0.07
138 , 1.4782286486623748E-5,0.07
139 , 1.3932923198676107E-5,0.07
140 , 1.5019274183629082E-5,0.07
141 , 1.855951201401138E-5,0.07
142 , 1.6465550830159983E-5,0.071
143 , 1.750311720241799E-5,0.071
144 , 2.1555102829107384E-5,0.071
145 , 2.2500789318705785E-5,0.071
146 , 2.1155643729608264E-5,0.071
147 , 2.083445904085952E-5,0.071
148 , 2.425255170443614E-5,0.071
149 , 2.4666865660356173E-5,0.071
150 , 2.7323109932806906E-5,0.071
151 , 2.5642446036921803E-5,0.071
152 , 2.9299890335428415E-5,0.071
153 , 2.5806669827857653E-5,0.071
154 , 2.6248221893855734E-5,0.072
155 , 2.6789524870985966E-5,0.072
156 , 3.095065515568854E-5,0.072
157 , 3.0951846967428425E-5,0.072
158 , 3.008020836518179E-5,0.072
159 , 3.0272708408023314E-5,0.072
160 , 3.144332782605695E-5,0.072
161 , 3.151147354944705E-5,0.072
162 , 3.6036413669787625E-5,0.072
163 , 3.3904136414522005E-5,0.072
164 , 3.712448713156502E-5,0.073
165 , 3.799402327828594E-5,0.073
166 , 3.69127523243277E-5,0.073
167 , 3.735061850992842E-5,0.073
168 , 3.767812597041016E-5,0.073
169 , 3.745590731616229E-5,0.073
170 , 3.803522839875969E-5,0.073
171 , 3.805885429139384E-5,0.073
172 , 3.880305011538792E-5,0.073
173 , 3.8069364789861774E-5,0.073
174 , 4.08426277373838E-5,0.074
175 , 3.8499691643567206E-5,0.074
176 , 3.949830536117676E-5,0.074
177 , 3.883545835704892E-5,0.074
178 , 4.1065479729513154E-5,0.074
179 , 4.0759493279095746E-5,0.074
180 , 4.089213334889662E-5,0.074
181 , 4.3762547621421475E-5,0.074
182 , 4.24155941872404E-5,0.074
183 , 4.388332577418251E-5,0.074
184 , 4.317562376895198E-5,0.075
185 , 4.578328365551132E-5,0.075
186 , 5.0629637977124206E-5,0.075
187 , 5.028694875688456E-5,0.075
188 , 5.0033754676150944E-5,0.075
189 , 6.136675778415515E-5,0.075
190 , 5.3131890868446636E-5,0.075
191 , 6.003482995589664E-5,0.075
192 , 5.7267334823413995E-5,0.075
193 , 6.0009192456811976E-5,0.075
194 , 6.177918645420366E-5,0.076
195 , 6.008351415237596E-5,0.076
196 , 6.315235748759096E-5,0.076
197 , 6.692885448094768E-5,0.076
198 , 6.690516785711762E-5,0.076
199 , 6.372530106360745E-5,0.076
200 , 6.641568073207934E-5,0.076
201 , 6.668059214948363E-5,0.076
202 , 6.766724101021337E-5,0.076
203 , 6.791528742870696E-5,0.076
204 , 6.912893166616627E-5,0.076
205 , 6.912893166616627E-5,0.077
206 , 6.95925812322661E-5,0.077
207 , 6.958045434713042E-5,0.077
208 , 7.16339905888562E-5,0.077
209 , 7.062397074550249E-5,0.077
210 , 8.757042395375314E-5,0.077
211 , 9.285576943163809E-5,0.077
212 , 8.873021926838684E-5,0.077
213 , 8.953066542777147E-5,0.077
214 , 9.079527799797234E-5,0.077
215 , 9.056706140092269E-5,0.077
216 , 9.190346959173448E-5,0.078
217 , 9.339975020692073E-5,0.078
218 , 9.323265939204412E-5,0.078
219 , 9.285576943163809E-5,0.078
220 , 9.412125763538129E-5,0.078
221 , 9.322434417132354E-5,0.078
222 , 9.322811969700182E-5,0.078
223 , 9.428319354961886E-5,0.078
224 , 9.447485022843097E-5,0.078
225 , 9.438199158015741E-5,0.079
226 , 9.30452767088031E-5,0.079
227 , 9.472600794685064E-5,0.079
228 , 1.0081850392505566E-4,0.079
229 , 9.952896928643279E-5,0.079
230 , 1.0367582397297473E-4,0.079
231 , 1.0102863144912465E-4,0.079
232 , 1.013650680954458E-4,0.079
233 , 1.02573734206417E-4,0.079
234 , 1.020325142597105E-4,0.079
235 , 1.0537750252181401E-4,0.079
236 , 1.0387253950736912E-4,0.079
237 , 1.0329326125928549E-4,0.079
238 , 1.0360238520255654E-4,0.08
239 , 1.045375268717336E-4,0.08
240 , 1.0975925150726067E-4,0.08
241 , 1.13263827220967E-4,0.08
242 , 1.1997683985227428E-4,0.08
243 , 1.1314743679454538E-4,0.08
244 , 1.1314743679454538E-4,0.08
245 , 1.2388507989668655E-4,0.08
246 , 1.2420063981777283E-4,0.08
247 , 1.2294986213324545E-4,0.08
248 , 1.2377831235436569E-4,0.08
249 , 1.242745722180411E-4,0.081
250 , 1.3339589387931016E-4,0.081
251 , 1.292984998202967E-4,0.081
252 , 1.4592962817870525E-4,0.081
253 , 1.3370096232403347E-4,0.081
254 , 1.4485544581587146E-4,0.081
255 , 1.4686187216545623E-4,0.081
256 , 1.455625648948176E-4,0.081
257 , 1.4572579375673634E-4,0.081
258 , 1.5215167372497612E-4,0.081
259 , 1.494832035518392E-4,0.081
260 , 1.5108970544593038E-4,0.082
261 , 1.5067669151944086E-4,0.082
262 , 1.5108970544593038E-4,0.082
263 , 1.511560210696091E-4,0.082
264 , 1.5168343521837583E-4,0.082
265 , 1.834021986036976E-4,0.082
266 , 1.814263694440121E-4,0.082
267 , 2.1119147182235116E-4,0.082
268 , 1.8603608827595774E-4,0.082
269 , 1.9705561053724578E-4,0.082
270 , 2.0602642999228076E-4,0.082
271 , 2.136388162700009E-4,0.083
272 , 2.1371197825643837E-4,0.083
273 , 2.1393380087624965E-4,0.083
274 , 2.1603106516459084E-4,0.083
275 , 2.1675962279606723E-4,0.083
276 , 2.2183521074740814E-4,0.083
277 , 2.18825984931457E-4,0.083
278 , 2.2224643453373744E-4,0.083
279 , 2.2183521074740814E-4,0.083
280 , 2.2224643453373744E-4,0.083
281 , 2.2803959931756642E-4,0.083
282 , 2.2792282149270343E-4,0.084
283 , 2.2967488480160844E-4,0.084
284 , 2.2823042413142516E-4,0.084
285 , 2.3050284884016867E-4,0.084
286 , 2.2973147608174244E-4,0.084
287 , 2.361807678919041E-4,0.084
288 , 2.315606105146381E-4,0.084
289 , 2.3194409102053685E-4,0.084
290 , 2.3451810736386971E-4,0.084
291 , 2.615021544582575E-4,0.084
292 , 2.4888584998856013E-4,0.084
293 , 2.473514981957613E-4,0.084
294 , 2.4888584998856013E-4,0.085
295 , 2.5536591366864613E-4,0.085
296 , 2.526047892698872E-4,0.085
297 , 2.5845235757518517E-4,0.085
298 , 2.5876049361890836E-4,0.085
299 , 2.667751741501935E-4,0.085
300 , 2.6277906193660844E-4,0.085
301 , 2.585993390244213E-4,0.085
302 , 2.6414621140136087E-4,0.085
303 , 2.7502210406704576E-4,0.085
304 , 2.680925295605194E-4,0.085
305 , 2.680925295605194E-4,0.085
306 , 2.7502210406704576E-4,0.085
307 , 2.752662171288737E-4,0.086
308 , 2.856844301537755E-4,0.086
309 , 2.824819591527783E-4,0.086
310 , 2.861125851771682E-4,0.086
311 , 2.8454927087774796E-4,0.086
312 , 2.8463257664334147E-4,0.086
313 , 2.8614095813957435E-4,0.086
314 , 2.932477392616785E-4,0.086
315 , 3.183564746980734E-4,0.086
316 , 3.05100117346337E-4,0.086
317 , 3.126476595248578E-4,0.086
318 , 3.143474851019504E-4,0.086
319 , 3.143474851019504E-4,0.086
320 , 3.160459579432317E-4,0.087
321 , 3.3852498837897067E-4,0.088
322 , 3.1733056169631825E-4,0.088
323 , 3.40551451674766E-4,0.088
324 , 3.401404290541928E-4,0.088
325 , 3.3432488256313715E-4,0.088
326 , 3.3542610683719274E-4,0.088
327 , 3.4161627307577726E-4,0.088
328 , 3.4338281602768817E-4,0.088
329 , 3.428286899051495E-4,0.088
330 , 3.4589320279478986E-4,0.089
331 , 3.442825283367435E-4,0.089
332 , 3.562720954017196E-4,0.089
333 , 3.5120317296413576E-4,0.089
334 , 3.549442845927761E-4,0.089
335 , 3.558905286161963E-4,0.089
336 , 3.6250612679651037E-4,0.089
337 , 3.6409773945900474E-4,0.089
338 , 3.569348656374502E-4,0.089
339 , 3.5895860384673367E-4,0.089
340 , 3.634123524320988E-4,0.089
341 , 3.6578915105872883E-4,0.089
342 , 3.6571306362635997E-4,0.089
343 , 3.9828474478535486E-4,0.089
344 , 3.6577703599102534E-4,0.09
345 , 3.825703918613809E-4,0.09
346 , 3.8687601743220724E-4,0.09
347 , 3.932438092140311E-4,0.09
348 , 4.1093461310140803E-4,0.09
349 , 3.9557994504268404E-4,0.09
350 , 4.111330616670103E-4,0.09
351 , 4.068673018304191E-4,0.09
352 , 4.0400841810876405E-4,0.09
353 , 4.21792142407792E-4,0.09
354 , 4.203011628734829E-4,0.09
355 , 4.2517673426426596E-4,0.09
356 , 4.223181252782795E-4,0.09
357 , 4.2459940416359366E-4,0.09
358 , 4.279325474289504E-4,0.091
359 , 4.352947923011508E-4,0.091
360 , 4.302310343570807E-4,0.091
361 , 4.3209790367579977E-4,0.091
362 , 4.314693403006164E-4,0.091
363 , 4.4567057222076926E-4,0.091
364 , 4.3880919304774995E-4,0.091
365 , 4.423010655084296E-4,0.091
366 , 4.372242427157466E-4,0.091
367 , 5.007472991818251E-4,0.091
368 , 4.71485293345465E-4,0.091
369 , 4.764640475812619E-4,0.091
370 , 5.349389170360875E-4,0.091
371 , 5.080570064606893E-4,0.091
372 , 5.894237675655509E-4,0.092
373 , 5.738157543326982E-4,0.092
374 , 5.406711484903945E-4,0.092
375 , 5.648172309421006E-4,0.092
376 , 6.142904583549165E-4,0.092
377 , 5.697136342606402E-4,0.092
378 , 6.049173294084967E-4,0.092
379 , 6.241299653146205E-4,0.092
380 , 6.149259132205863E-4,0.092
381 , 6.609962132509979E-4,0.092
382 , 6.270524937621754E-4,0.092
383 , 6.580245308285184E-4,0.092
384 , 6.493156655675365E-4,0.092
385 , 6.657096018910771E-4,0.092
386 , 6.606558672135956E-4,0.092
387 , 6.843157589950983E-4,0.092
388 , 6.720795963702779E-4,0.093
389 , 6.930295220505351E-4,0.093
390 , 6.949362493300748E-4,0.093
391 , 6.981215363660051E-4,0.093
392 , 6.973026798677338E-4,0.093
393 , 7.04680165220162E-4,0.093
394 , 6.998412539865698E-4,0.093
395 , 6.978044289711919E-4,0.093
396 , 7.419072765321792E-4,0.093
397 , 6.992604402136387E-4,0.093
398 , 7.04680165220162E-4,0.093
399 , 7.077665828009927E-4,0.093
400 , 7.424789913250603E-4,0.093
401 , 7.411007752210441E-4,0.093
402 , 7.32180122141643E-4,0.093
403 , 7.404082483518962E-4,0.093
404 , 9.127162839107969E-4,0.094
405 , 8.370247377093855E-4,0.094
406 , 8.348334608790348E-4,0.094
407 , 8.714546853111306E-4,0.094
408 , 9.243745325478974E-4,0.094
409 , 8.974139058751198E-4,0.094
410 , 8.967966389394087E-4,0.094
411 , 9.185481123635405E-4,0.094
412 , 9.276069156565032E-4,0.094
413 , 9.350205374080251E-4,0.094
414 , 9.611339370770181E-4,0.094
415 , 0.001003169033791558,0.094
416 , 9.754159477799463E-4,0.094
417 , 9.631919345433187E-4,0.094
418 , 0.001003081580731585,0.094
419 , 9.962848970078559E-4,0.094
420 , 0.001005119642812217,0.094
421 , 9.975078612445712E-4,0.095
422 , 0.0010057517782457942,0.095
423 , 0.001006228786060099,0.095
424 , 0.001005119642812217,0.095
425 , 0.0010071383538408111,0.095
426 , 0.001103593681787434,0.095
427 , 0.0010690330639370857,0.095
428 , 0.0010859103924509058,0.095
429 , 0.0010615598114673136,0.095
430 , 0.0010873934067752583,0.095
431 , 0.0010990374274227324,0.095
432 , 0.0011081525521326268,0.095
433 , 0.0011157279932762145,0.095
434 , 0.0011135745329896405,0.095
435 , 0.0011131808501413133,0.095
436 , 0.001117216950278696,0.095
437 , 0.0011148215079551003,0.095
438 , 0.0011373014792321371,0.096
439 , 0.0011297055842079034,0.096
440 , 0.0012230816346928547,0.096
441 , 0.001165987946806734,0.096
442 , 0.001183493730863559,0.096
443 , 0.0011930992093230504,0.096
444 , 0.001171207035857109,0.096
445 , 0.0012049211355642487,0.096
446 , 0.0012146337619857554,0.096
447 , 0.001219815838827171,0.096
448 , 0.0012116611577063022,0.096
449 , 0.00122141224261416,0.096
450 , 0.0012309863470696448,0.096
451 , 0.001223575415654514,0.096
452 , 0.0012277551544513804,0.097
453 , 0.0012249710845867118,0.097
454 , 0.0012297609227713184,0.097
455 , 0.0012467498556580866,0.097
456 , 0.001227893174027845,0.097
457 , 0.0012669134193700553,0.097
458 , 0.001262968818686003,0.097
459 , 0.0012880083828184497,0.097
460 , 0.0012650527902264693,0.097
461 , 0.0019116298026583991,0.097
462 , 0.0015975579511784343,0.097
463 , 0.0019309395822098808,0.097
464 , 0.0019309395822098808,0.097
465 , 0.001978744843634645,0.097
466 , 0.001948270489153785,0.097
467 , 0.00198315375050913,0.097
468 , 0.0019925607525627612,0.099
469 , 0.0028667479019182213,0.1
470 , 0.0020454214337636127,0.1
471 , 0.002027673963892915,0.1
472 , 0.0020160205711085596,0.1
473 , 0.002938563049291687,0.1
474 , 0.0029422944271620217,0.1
475 , 0.00295955398191325,0.1
476 , 0.0030142469614290635,0.1
477 , 0.002949826783536623,0.1
478 , 0.002951171532438842,0.1
479 , 0.002987212587981962,0.1
480 , 0.0031311829784986082,0.1
481 , 0.0034458656903650735,0.1
482 , 0.0033428841734357644,0.1
483 , 0.0033744402125690308,0.1
484 , 0.003375777703128883,0.1
485 , 0.0033636398375771694,0.1
486 , 0.0034241682117284507,0.101
487 , 0.0037877422581370406,0.101
488 , 0.0036777621528573043,0.101
489 , 0.0036961263572402128,0.101
490 , 0.0037508328786421477,0.101
491 , 0.0037877422581370406,0.101
492 , 0.003825616824004491,0.101
493 , 0.00389682195700777,0.101
494 , 0.003980528504370157,0.101
495 , 0.0038448232515071977,0.101
496 , 0.003931168016992821,0.101
497 , 0.003914676642081408,0.101
498 , 0.003952860020715972,0.101
499 , 0.003931682964198903,0.101
500 , 0.003983049918610306,0.101
501 , 0.003986976722308954,0.101
502 , 0.0039907394126923275,0.101
503 , 0.004071454444642959,0.102
504 , 0.004051902276203136,0.102
505 , 0.004075732379875541,0.102
506 , 0.004069929203914508,0.102
507 , 0.0041396570773030595,0.102
508 , 0.0041268828469223475,0.102
509 , 0.004231644441473788,0.102
510 , 0.004133281234039592,0.102
511 , 0.004258399250602333,0.102
512 , 0.00434581477185182,0.102
513 , 0.00434581477185182,0.102
514 , 0.004311257938980852,0.102
515 , 0.004382333324787084,0.102
516 , 0.0043836919594802985,0.102
517 , 0.0043476420946258615,0.102
518 , 0.004436291180408466,0.102
519 , 0.004472997756485833,0.102
520 , 0.0043234595413079915,0.103
521 , 0.004455213647176326,0.103
522 , 0.004455213647176326,0.103
523 , 0.0044066263576520385,0.103
524 , 0.004455213647176326,0.103
525 , 0.004559013968132808,0.103
526 , 0.004503166152540367,0.103
527 , 0.00446625274374619,0.103
528 , 0.004524118382796685,0.103
529 , 0.0045239975006541415,0.103
530 , 0.004588476784104016,0.103
531 , 0.004559013968132808,0.103
532 , 0.004581492607238848,0.103
533 , 0.004567994937971677,0.103
534 , 0.004596560248346279,0.103
535 , 0.004588229195559313,0.103
536 , 0.004646373412192972,0.103
537 , 0.0046540914240832355,0.103
538 , 0.004673973097486756,0.103
539 , 0.004657385297897064,0.104
540 , 0.004647965527823987,0.104
541 , 0.004728687673952847,0.104
542 , 0.0046676270463279525,0.104
543 , 0.004737207674276269,0.104
544 , 0.004769998324491234,0.104
545 , 0.004772354440631506,0.104
546 , 0.004780927822727363,0.104
547 , 0.004823915681381282,0.104
548 , 0.004842032719695525,0.104
549 , 0.004800632126470522,0.104
550 , 0.004823719706785078,0.104
551 , 0.004829434526233572,0.104
552 , 0.004829434526233572,0.104
553 , 0.004841472090484722,0.104
554 , 0.004835449876829706,0.104
555 , 0.004844621262881876,0.104
556 , 0.0048438868717442735,0.104
557 , 0.004890954640494574,0.105
558 , 0.004849798839743936,0.105
559 , 0.004889077910160026,0.105
560 , 0.004883333022990713,0.105
561 , 0.004892155638763136,0.105
562 , 0.004926463196881965,0.105
563 , 0.004910510455894264,0.105
564 , 0.004926463196881965,0.105
565 , 0.004926463196881965,0.105
566 , 0.004955449481832886,0.105
567 , 0.004998509644004441,0.105
568 , 0.004941820265185798,0.105
569 , 0.004934784050186574,0.105
570 , 0.004967490930780144,0.105
571 , 0.004963578725614903,0.105
572 , 0.004964586740648817,0.105
573 , 0.0049859205806068434,0.106
574 , 0.004992344825748017,0.106
575 , 0.004985412216874001,0.106
576 , 0.005023832465932744,0.106
577 , 0.005023832465932744,0.106
578 , 0.005009822342643367,0.106
579 , 0.005004525365127858,0.106
580 , 0.004925311146132993,0.106
581 , 0.005012291194719915,0.106
582 , 0.00517476964064299,0.106
583 , 0.005033699060742661,0.106
584 , 0.005032627985280893,0.106
585 , 0.005106300900673108,0.106
586 , 0.005106300900673108,0.106
587 , 0.005150494843402896,0.106
588 , 0.005147853792675689,0.106
589 , 0.005158649067599383,0.106
590 , 0.00521599914284019,0.106
591 , 0.00519256593709797,0.106
592 , 0.005182739645880841,0.107
593 , 0.005186395024146185,0.107
594 , 0.005224632940394028,0.107
595 , 0.005215831968604358,0.107
596 , 0.005315891760786089,0.107
597 , 0.005331835461731082,0.107
598 , 0.00526724844888312,0.107
599 , 0.005289638632330847,0.107
600 , 0.005451682207146387,0.107
601 , 0.005452608261687229,0.107
602 , 0.005451682207146387,0.107
603 , 0.005451682207146387,0.107
604 , 0.005451682207146387,0.107
605 , 0.005471384517422577,0.107
606 , 0.005442776852099087,0.107
607 , 0.005461400629887917,0.107
608 , 0.0054861444069126755,0.107
609 , 0.005479274468082088,0.108
610 , 0.005495305434712014,0.108
611 , 0.005481553456783546,0.108
612 , 0.005483486656451753,0.108
613 , 0.005496538496341107,0.108
614 , 0.005604200162300866,0.108
615 , 0.005531726333084197,0.108
616 , 0.005575218379150548,0.108
617 , 0.005610252654246404,0.108
618 , 0.005582897607408977,0.108
619 , 0.005600429627551077,0.108
620 , 0.0058077417669849685,0.108
621 , 0.005608429959140562,0.108
622 , 0.005714112346601314,0.108
623 , 0.00583676994026764,0.108
624 , 0.0058068892539300185,0.108
625 , 0.005822444260457663,0.108
626 , 0.005941559230758385,0.108
627 , 0.0058571284394176425,0.109
628 , 0.0060273286621391,0.109
629 , 0.005883864153606779,0.109
630 , 0.00592195477861371,0.109
631 , 0.005938159485427728,0.109
632 , 0.0060499599466097,0.109
633 , 0.005994075389867345,0.109
634 , 0.006040141513465849,0.109
635 , 0.006034784867653669,0.109
636 , 0.006039434343577297,0.109
637 , 0.006039331048540849,0.109
638 , 0.006168833445511592,0.109
639 , 0.006046273505117788,0.109
640 , 0.0060826913709134695,0.109
641 , 0.00612939612721003,0.109
642 , 0.006168996167130351,0.109
643 , 0.006162312960143528,0.109
644 , 0.0061689964197623745,0.109
645 , 0.006184037097011385,0.109
646 , 0.006171468338533201,0.11
647 , 0.0061800001034472045,0.11
648 , 0.006216641367967561,0.11
649 , 0.006205337716513194,0.11
650 , 0.006223807246874786,0.11
651 , 0.00621223625836783,0.11
652 , 0.006229154401639157,0.11
653 , 0.006238524994236308,0.11
654 , 0.006235786673404142,0.11
655 , 0.006242270617297141,0.11
656 , 0.006244656139014209,0.11
657 , 0.006242270617297141,0.11
658 , 0.006248418426675249,0.11
659 , 0.006243519840866234,0.11
660 , 0.006257191194056424,0.11
661 , 0.0062620321875763146,0.11
662 , 0.006277707730254979,0.11
663 , 0.006295462417959134,0.11
664 , 0.0063148427873067,0.11
665 , 0.0063468379728955915,0.11
666 , 0.0063675786699611105,0.11
667 , 0.006642532758940318,0.111
668 , 0.006757716333594954,0.111
669 , 0.006757716333594954,0.111
670 , 0.006630233059550689,0.111
671 , 0.006964299876632522,0.111
672 , 0.0068632785617353375,0.111
673 , 0.006913812895265254,0.111
674 , 0.006892905878660596,0.111
675 , 0.006926092572256379,0.111
676 , 0.006919906463211027,0.111
677 , 0.006939062650830416,0.111
678 , 0.006958268868634468,0.111
679 , 0.006951358360923303,0.111
680 , 0.007148971157557521,0.111
681 , 0.0069619691077204586,0.111
682 , 0.007410480859136466,0.111
683 , 0.00850940556150298,0.111
684 , 0.007276940431037463,0.111
685 , 0.007943031552810136,0.111
686 , 0.008342708529978425,0.111
687 , 0.008342708529978425,0.111
688 , 0.008329606442699599,0.111
689 , 0.008470878031735539,0.112
690 , 0.008447549619578802,0.112
691 , 0.0084731159329211,0.112
692 , 0.008462859154870248,0.112
693 , 0.008489250526496758,0.112
694 , 0.008504653988664726,0.112
695 , 0.008509972297650019,0.112
696 , 0.008530859284779313,0.112
697 , 0.00851248454513249,0.112
698 , 0.008522719212336962,0.112
699 , 0.00852209788854956,0.112
700 , 0.008535420673603659,0.112
701 , 0.008529968155900623,0.112
702 , 0.008526409098113169,0.112
703 , 0.008941940540283314,0.112
704 , 0.008736708759407243,0.112
705 , 0.008737922377977972,0.112
706 , 0.008839459444113218,0.112
707 , 0.00883958794707627,0.112
708 , 0.008840106272940686,0.112
709 , 0.008844041722079383,0.113
710 , 0.008892294146464176,0.113
711 , 0.008890865872330369,0.113
712 , 0.008891387437684743,0.113
713 , 0.008911402271880782,0.113
714 , 0.00891665692542595,0.113
715 , 0.00894224788654068,0.113
716 , 0.008929444965247578,0.113
717 , 0.008943585624168016,0.113
718 , 0.008943146364569247,0.113
719 , 0.008948348774480936,0.113
720 , 0.009304406839950697,0.113
721 , 0.009275486706290366,0.113
722 , 0.009304406839950697,0.113
723 , 0.009349493540042893,0.113
724 , 0.009329912616311054,0.113
725 , 0.009335879504420323,0.113
726 , 0.009347106407350998,0.113
727 , 0.010992190326157177,0.113
728 , 0.010166003835579956,0.113
729 , 0.010993761749086992,0.113
730 , 0.010993761749086992,0.114
731 , 0.010996268551298888,0.114
732 , 0.011006947521130081,0.114
733 , 0.011000778003822743,0.114
734 , 0.012479481437034205,0.114
735 , 0.011724298768048943,0.114
736 , 0.012093485595019143,0.114
737 , 0.011939145217894919,0.114
738 , 0.012171601284784355,0.114
739 , 0.012263920670065962,0.114
740 , 0.012302300592780813,0.114
741 , 0.012393343356626382,0.114
742 , 0.012396559211407705,0.114
743 , 0.012512667427826151,0.114
744 , 0.012482328932841064,0.114
745 , 0.012513085817877426,0.114
746 , 0.01248168774791883,0.114
747 , 0.012498194485593916,0.114
748 , 0.012512667427826151,0.114
749 , 0.01250697844147728,0.114
750 , 0.012513196044294475,0.114
751 , 0.012525302000484892,0.114
752 , 0.02164517181373931,0.115
753 , 0.0165527701620127,0.115
754 , 0.018947370997333308,0.115
755 , 0.021440539600671455,0.115
756 , 0.02026210496984881,0.115
757 , 0.021554380136523117,0.115
758 , 0.021557519530858698,0.115
759 , 0.02152676907611874,0.115
760 , 0.021613094565851237,0.115
761 , 0.025762388292212945,0.115
762 , 0.021331408926804116,0.115
763 , 0.023622847161664857,0.115
764 , 0.02259696525857922,0.115
765 , 0.0246733637633444,0.115
766 , 0.02380032344321021,0.115
767 , 0.025846648537937188,0.115
768 , 0.025808997887811304,0.115
769 , 0.025808997887811304,0.115
770 , 0.046974987624638254,0.116
771 , 0.03422483371625291,0.116
772 , 0.040364955235793254,0.116
773 , 0.04171902748527312,0.116
774 , 0.14630580306601376,0.116
775 , 0.08491174396558807,0.116
776 , 0.11325677147901171,0.116
777 , 0.11325677147901171,0.116
778 , 0.11430182250376444,0.116
779 , 0.11385380074424056,0.116
780 , 0.11471598508729698,0.116
781 , 0.1293554582269728,0.116
782 , 0.1311265261667873,0.116
783 , 0.13557009505285983,0.116
784 , 0.1394893897585264,0.116
785 , 0.1433513740165893,0.116
786 , 0.142235313261725,0.116
787 , 0.1443102814656929,0.116
788 , 0.1454352719334882,0.116
789 , 0.14487516681103757,0.117
790 , 0.1459200882626975,0.117
791 , 0.14673786993656854,0.117
792 , 0.14901362758947134,0.117
793 , 0.14726098405466728,0.117
794 , 0.14941695540477748,0.117
795 , 0.1499189137993912,0.117
796 , 0.14894640128077025,0.117
797 , 0.14938529684970653,0.117
798 , 0.15021733251955893,0.117
799 , 0.15151945037684109,0.117
800 , 0.1503250691209197,0.117
801 , 0.15074397320188307,0.117
802 , 0.15175778567270917,0.117
803 , 0.15161478664614347,0.117
804 , 0.15161478664614347,0.117
805 , 0.29116386238493713,0.117
806 , 0.21230340826598543,0.117
807 , 0.24412525628578677,0.117
808 , 0.29099165172327807,0.117
809 , 0.29116386238493713,0.117
810 , 0.2913753843574733,0.118
811 , 0.29150631161024626,0.118
812 , 2.2389271161459927,0.118
813 , 0.9902302976936662,0.118
814 , 1.5997741899346924,0.118
815 , 1.552730110244461,0.118
816 , 1.9016916541432862,0.118
817 , 1.7793855424768024,0.118
818 , 3.235204520732445,0.118
819 , 3.235204520732445,0.118
820 , 2.6947299399701876,0.118
821 , 3.248562535729756,0.118
822 , 3.344187015620978,0.118
823 , 3.4460325691835707,0.118
824 , 3.6975402522408185,0.118
825 , 3.565603659797377,0.118
826 , 3.5879641635547572,0.118
827 , 3.6977772769011934,0.118
828 , 3.6469975493961,0.118
829 , 3.773430135016265,0.119
830 , 3.692814758798271,0.119
831 , 3.7384348287415117,0.119
832 , 3.9418160701577825,0.119
833 , 3.906379641470216,0.119
834 , 3.911103761353666,0.119
835 , 3.966103582391287,0.119
836 , 4.0068155884010395,0.119
837 , 4.009756112779436,0.119
838 , 3.9916508575064236,0.119
839 , 4.057343143155028,0.119
840 , 4.067296531842477,0.119
841 , 4.295626656826974,0.119
842 , 4.253288422201258,0.119
843 , 4.278338912768425,0.119
844 , 4.274166477415054,0.119
845 , 4.269966688519858,0.119
846 , 4.274504259458827,0.119
847 , 4.283690823887426,0.119
848 , 4.412586018599971,0.119
849 , 4.445307020124872,0.119
850 , 4.420048664644402,0.12
851 , 4.559666264579253,0.12
852 , 4.565567153191646,0.12
853 , 4.562736227753721,0.12
854 , 4.607026485249036,0.12
855 , 4.5951366322033955,0.12
856 , 4.607026485249036,0.12
857 , 4.607026485249036,0.12
858 , 4.615986221933152,0.12
859 , 4.627984230841344,0.12
860 , 4.622655022542872,0.12
861 , 4.63519368009508,0.12
862 , 4.629631721437421,0.12
863 , 4.632586409180016,0.12
864 , 4.654187244497553,0.12
865 , 4.635899427292523,0.12
866 , 4.675646992906402,0.12
867 , 4.659716990974211,0.12
868 , 4.683026464096802,0.12
869 , 4.717184420501647,0.12
870 , 4.7114686282416125,0.12
871 , 4.695866457801362,0.12
872 , 4.717184420501647,0.121
873 , 4.748004010505729,0.121
874 , 4.730369031405751,0.121
875 , 4.745392775591143,0.121
876 , 4.747410821066023,0.121
877 , 4.823564978503419,0.121
878 , 4.836288820529096,0.121
879 , 4.834741114251936,0.121
880 , 4.838857916112636,0.121
881 , 4.839095966875883,0.121
882 , 4.811435268656278,0.121
883 , 4.838759556673224,0.121
884 , 4.8446046939713,0.121
885 , 4.844525687368946,0.121
886 , 4.842858857241792,0.121
887 , 4.847479113556636,0.121
888 , 4.923589228773474,0.121
889 , 4.885883395847276,0.121
890 , 4.90217513672985,0.121
891 , 4.908548733494512,0.121
892 , 4.9123683199316455,0.121
893 , 4.97655092958052,0.122
894 , 4.923589228773474,0.122
895 , 4.95135830273928,0.122
896 , 4.951093019901733,0.122
897 , 4.980435774661499,0.122
898 , 4.980435774661499,0.122
899 , 4.976301853533664,0.122
900 , 5.036786437982206,0.122
901 , 5.0216609240365875,0.122
902 , 5.038233727996369,0.122
903 , 5.0544900859021356,0.122
904 , 5.043048701705073,0.122
905 , 5.047441917323258,0.122
906 , 5.11445789903691,0.122
907 , 5.091631479115489,0.122
908 , 5.108959709000541,0.122
909 , 5.1040610268571545,0.122
910 , 5.0965681797655655,0.122
911 , 5.114290732063315,0.122
912 , 5.107685555095244,0.122
913 , 5.114290732063315,0.122
914 , 5.127072093022412,0.122
915 , 5.119228955725976,0.123
916 , 5.128708669062182,0.123
917 , 5.127614989305162,0.123
918 , 5.1458079937057155,0.123
919 , 5.127509703723058,0.123
920 , 5.144970729440402,0.123
921 , 5.138341851945661,0.123
922 , 5.144859471912465,0.123
923 , 5.144549812117853,0.123
924 , 5.1469705804585235,0.123
925 , 5.1230041102582256,0.123
926 , 5.153053535367379,0.123
927 , 5.146451681401882,0.123
928 , 5.149618226549066,0.123
929 , 5.153053535367379,0.123
930 , 5.150499291509689,0.123
931 , 5.203746876567755,0.123
932 , 5.154484775910252,0.123
933 , 5.203746876567755,0.123
934 , 5.22586472048393,0.124
935 , 5.213711005717524,0.124
936 , 5.219940056348879,0.124
937 , 5.217363114551963,0.124
938 , 5.217523916671015,0.124
939 , 5.225338467306234,0.124
940 , 5.2554085814741045,0.124
941 , 5.2412322972580805,0.124
942 , 5.23887948847482,0.124
943 , 5.243865435888254,0.124
944 , 5.2547584575728585,0.124
945 , 5.248444300385452,0.124
946 , 5.359487989739998,0.124
947 , 5.283861281669401,0.124
948 , 5.277823481666029,0.124
949 , 5.281336877620889,0.124
950 , 5.351882942772073,0.124
951 , 5.326504782272499,0.124
952 , 5.336705567310157,0.124
953 , 5.520432527398436,0.124
954 , 5.5217235910648865,0.125
955 , 5.52160470846106,0.125
956 , 5.523889814690728,0.125
957 , 5.678416304323641,0.125
958 , 5.60677848587499,0.125
959 , 5.629665009876488,0.125
960 , 5.620671769040958,0.125
961 , 5.649674137853924,0.125
962 , 5.66512098653221,0.125
963 , 5.676394190765066,0.125
964 , 5.748118071950655,0.125
965 , 5.834079953336683,0.125
966 , 5.739585322186076,0.125
967 , 5.741897546108391,0.125
968 , 5.78357492607691,0.125
969 , 5.97668747297872,0.125
970 , 5.978993231468116,0.125
971 , 5.926941427816535,0.125
972 , 5.964383440888081,0.125
973 , 5.985706357020711,0.125
974 , 5.991968460304812,0.126
975 , 5.998839522007034,0.126
976 , 6.039597380052029,0.126
977 , 6.018071148001649,0.126
978 , 6.029411727934733,0.126
979 , 6.036938224935769,0.126
980 , 6.036778660049917,0.126
981 , 6.173711639368773,0.126
982 , 6.102101874489425,0.126
983 , 6.141395208674879,0.126
984 , 6.108647317721031,0.126
985 , 6.1919505776215065,0.126
986 , 6.2929779570708755,0.126
987 , 6.306785466411337,0.126
988 , 6.306785466411337,0.126
989 , 6.289699360894402,0.126
990 , 6.261300500866922,0.126
991 , 6.2897902927483775,0.126
992 , 6.298451550941823,0.126
993 , 6.311319770900251,0.126
994 , 6.3182089510945065,0.126
995 , 6.311603083450697,0.126
996 , 6.341249480290721,0.127
997 , 6.335618993515004,0.127
998 , 6.337618536442003,0.127
999 , 6.337696711744797,0.127
1000 , 6.336724032143791,0.127
1001 , 6.339733230705359,0.127
1002 , 6.343548471025767,0.127
1003 , 6.323074274586656,0.127
1004 , 6.34405601258681,0.127
1005 , 6.334776856998473,0.127
1006 , 6.344212214500693,0.127
1007 , 6.344769887333443,0.127
1008 , 6.421334840293032,0.127
1009 , 6.366758925369016,0.127
1010 , 6.571290850982793,0.127
1011 , 6.466860873071817,0.127
1012 , 6.571290850982793,0.127
1013 , 6.482973731500911,0.127
1014 , 6.571290850982793,0.127
1015 , 6.580157355263696,0.128
1016 , 6.567345157998389,0.128
1017 , 6.575726547970469,0.128
1018 , 6.550777801823778,0.128
1019 , 6.57794256336187,0.128
1020 , 6.585215327963793,0.128
1021 , 6.5859567011823215,0.128
1022 , 6.757835929277521,0.128
1023 , 6.654288835169414,0.128
1024 , 6.706606510866157,0.128
1025 , 6.725862974400242,0.128
1026 , 6.725862974400242,0.128
1027 , 6.73573569911439,0.128
1028 , 6.74710060284324,0.128
1029 , 6.758373972672778,0.128
1030 , 6.738298609743511,0.128
1031 , 6.747845105834339,0.128
1032 , 6.759733960050992,0.128
1033 , 6.7527095884698305,0.128
1034 , 6.760454676531378,0.128
1035 , 6.760796826410086,0.128
1036 , 6.7679306220874835,0.128
1037 , 6.766059109333917,0.128
1038 , 6.9792391078076275,0.129
1039 , 6.874990107530651,0.129
1040 , 6.970143361040353,0.129
1041 , 6.928284084984025,0.129
1042 , 6.951339000412463,0.129
1043 , 6.965836018872119,0.129
1044 , 7.149334258584961,0.129
1045 , 6.971091159056853,0.129
1046 , 7.147946082434946,0.129
1047 , 7.1463520421132305,0.129
1048 , 7.095883555031946,0.129
1049 , 7.267288122003574,0.129
1050 , 7.156849047831914,0.129
1051 , 7.2090744078121975,0.129
1052 , 7.237219194812362,0.129
1053 , 7.237219194812362,0.129
1054 , 7.25389501562505,0.129
1055 , 7.2056007638818205,0.129
1056 , 7.248932692024138,0.129
1057 , 7.322044468302424,0.129
1058 , 7.304611004184398,0.129
1059 , 7.309980704406448,0.13
1060 , 7.323265105427196,0.13
1061 , 7.321379209811239,0.13
1062 , 7.438699521946872,0.13
1063 , 7.304604170378662,0.13
1064 , 7.430994784789772,0.13
1065 , 7.438699521946872,0.13
1066 , 7.436230497641921,0.13
1067 , 7.438272359377733,0.13
1068 , 7.4423036827972595,0.13
1069 , 7.4423036827972595,0.13
1070 , 7.44099056818534,0.13
1071 , 7.44553257281874,0.13
1072 , 7.4423036827972595,0.13
1073 , 7.441889358161397,0.13
1074 , 7.448672218745383,0.13
1075 , 7.441798599871157,0.13
1076 , 7.458259128196909,0.13
1077 , 7.523037866433181,0.13
1078 , 7.523248158523648,0.13
1079 , 7.52443884742862,0.13
1080 , 7.529084626942968,0.13
1081 , 7.530876933889071,0.13
1082 , 7.534425654145215,0.131
1083 , 7.531866990251247,0.131
1084 , 7.5370822977867045,0.131
1085 , 7.542163671394202,0.131
1086 , 7.551871815381363,0.131
1087 , 7.555736845895501,0.131
1088 , 7.557142364510848,0.131
1089 , 7.563538223483892,0.131
1090 , 7.5649950013623375,0.131
1091 , 7.565047973677875,0.131
1092 , 7.5649950013623375,0.131
1093 , 7.565047973677875,0.131
1094 , 7.568342059370075,0.131
1095 , 7.567997637561112,0.131
1096 , 7.607099567532182,0.131
1097 , 7.767117165956339,0.131
1098 , 7.600836477341052,0.131
1099 , 7.648666403867349,0.131
1100 , 7.710491839075424,0.131
1101 , 7.710491839075424,0.131
1102 , 7.846854301919976,0.131
1103 , 7.733520567415378,0.131
1104 , 7.7984259557483675,0.132
1105 , 7.785609858068431,0.132
1106 , 7.820533541834709,0.132
1107 , 7.791727033099676,0.132
1108 , 7.812819032588102,0.132
1109 , 7.831657641980319,0.132
1110 , 7.869798762030307,0.132
1111 , 7.9395494812194,0.132
1112 , 7.893274527904367,0.132
1113 , 7.881940270551523,0.132
1114 , 7.894277539507197,0.132
1115 , 7.934695293972482,0.132
1116 , 7.9263767242635685,0.132
1117 , 7.946271595236548,0.132
1118 , 7.949908902487396,0.132
1119 , 8.399920166215567,0.132
1120 , 8.195188279224407,0.133
1121 , 8.20159664977156,0.133
1122 , 8.308379957584183,0.133
1123 , 8.300120745160019,0.133
1124 , 8.25687721046559,0.133
1125 , 8.284896536774786,0.133
1126 , 8.410886886290585,0.133
1127 , 8.41333678271586,0.133
1128 , 8.762525462984462,0.133
1129 , 8.658412178125658,0.133
1130 , 8.71701866005043,0.133
1131 , 8.721156056445158,0.133
1132 , 8.78531230168079,0.133
1133 , 8.754749397829455,0.133
1134 , 8.748250226588404,0.133
1135 , 8.75885028401327,0.133
1136 , 8.764882326048907,0.133
1137 , 8.788345415217583,0.133
1138 , 8.778259473852133,0.133
1139 , 8.777218345209088,0.133
1140 , 9.079866772301317,0.134
1141 , 9.148650293416111,0.134
1142 , 9.112588674140952,0.134
1143 , 9.119463052166134,0.134
1144 , 9.135436269972843,0.134
1145 , 9.136216648961312,0.134
1146 , 9.140541478944137,0.134
1147 , 9.229677507721721,0.134
1148 , 9.230221959853123,0.134
1149 , 9.229677507721721,0.134
1150 , 9.253044842349412,0.134
1151 , 9.253694059957136,0.134
1152 , 9.237249272775083,0.134
1153 , 9.252660869364671,0.134
1154 , 9.253288904619662,0.134
1155 , 9.253818266844068,0.134
1156 , 9.253789124424657,0.134
1157 , 9.253789124424657,0.134
1158 , 9.253911261494526,0.134
1159 , 9.25393361168076,0.134
1160 , 9.25393361168076,0.134
1161 , 9.256924290381,0.135
1162 , 9.256924290381,0.135
1163 , 9.256098242263471,0.135
1164 , 9.256924290381,0.135
1165 , 9.343292093502434,0.135
1166 , 9.364120360252548,0.135
1167 , 9.354684724258131,0.135
1168 , 9.45975850816776,0.135
1169 , 9.480085584589265,0.135
1170 , 9.633906592428328,0.135
1171 , 9.588478763720225,0.135
1172 , 9.631115645718399,0.135
1173 , 9.660510506742902,0.135
1174 , 9.64923469839564,0.135
1175 , 9.65116443072316,0.135
1176 , 9.651256432651902,0.135
1177 , 9.651735917758112,0.135
1178 , 9.65678473661417,0.135
1179 , 9.665934803320166,0.135
1180 , 9.661718714949533,0.136
1181 , 9.683904901661162,0.136
1182 , 9.690824890238218,0.136
1183 , 9.6839980357718,0.136
1184 , 9.686166624692195,0.136
1185 , 9.688450132044753,0.136
1186 , 9.742769363103218,0.136
1187 , 9.700560264519646,0.136
1188 , 9.74058722213713,0.136
1189 , 9.74058722213713,0.136
1190 , 9.799357444514934,0.136
1191 , 9.735352586153251,0.136
1192 , 9.742769363103218,0.136
1193 , 9.742769363103218,0.136
1194 , 9.813795121577673,0.136
1195 , 9.813795121577673,0.136
1196 , 9.816668718497665,0.136
1197 , 9.862182802433878,0.136
1198 , 9.84552499464206,0.136
1199 , 9.85592365536524,0.136
1200 , 9.878786885787639,0.137
1201 , 9.900750154557405,0.137
1202 , 9.901457942456867,0.137
1203 , 9.897001136156408,0.137
1204 , 9.903061108557926,0.137
1205 , 9.896001998065621,0.137
1206 , 9.908840352968474,0.137
1207 , 9.90676899752841,0.137
1208 , 9.906867866731366,0.137
1209 , 9.905399376438345,0.137
1210 , 9.908655234443193,0.137
1211 , 9.908960203002463,0.137
1212 , 9.909165244929879,0.137
1213 , 9.908946739298168,0.137
1214 , 9.909068176632168,0.137
1215 , 9.91273267594009,0.137
1216 , 9.910877000690716,0.137
1217 , 9.909797229504768,0.137
1218 , 9.92265286073807,0.137
1219 , 9.900964652651076,0.138
1220 , 9.908243927164445,0.138
1221 , 9.911693394456172,0.138
1222 , 9.9198931831976,0.138
1223 , 9.922240230587038,0.138
1224 , 9.922240230587038,0.138
1225 , 9.913822017328137,0.138
1226 , 9.946533342147307,0.138
1227 , 9.94322552385109,0.138
1228 , 9.947072974789176,0.138
1229 , 9.947072974789176,0.138
1230 , 9.947435079075174,0.138
1231 , 9.947263273453501,0.138
1232 , 9.947249794271007,0.138
1233 , 9.947435079075174,0.138
1234 , 9.947409306638356,0.138
1235 , 9.948129033836908,0.138
1236 , 9.949854305530883,0.138
1237 , 9.94957285053843,0.138
1238 , 9.949573353309946,0.138
1239 , 9.949854305530883,0.139
1240 , 9.949831343284504,0.139
1241 , 9.949740316819739,0.139
1242 , 9.954464747050878,0.139
1243 , 9.954464747050878,0.139
1244 , 9.953193438056557,0.139
1245 , 9.954464747050878,0.139
1246 , 9.954075452522783,0.139
1247 , 9.953794448378382,0.139
1248 , 9.957986634671057,0.139
1249 , 9.952753467211686,0.139
1250 , 9.954464747050878,0.139
1251 , 9.95802312461452,0.139
1252 , 9.958019063959497,0.139
1253 , 9.957809363069812,0.139
1254 , 9.957787845496282,0.139
1255 , 9.957761923050771,0.139
1256 , 9.958027426070085,0.14
1257 , 9.958413063696142,0.14
1258 , 9.958450089106623,0.14
1259 , 9.95842955922556,0.14
1260 , 9.959304513409768,0.14
1261 , 9.958556486322344,0.14
1262 , 9.958803889425885,0.14
1263 , 9.958986419999034,0.14
1264 , 9.958896813324623,0.14
1265 , 9.960063568282566,0.14
1266 , 9.960151328021025,0.14
1267 , 9.959735301009992,0.14
1268 , 9.959798576858008,0.14
1269 , 9.962450847041303,0.14
1270 , 9.960112930475212,0.14
1271 , 9.961848127128562,0.14
1272 , 9.960923603889693,0.14
1273 , 9.961647826875547,0.14
1274 , 9.961772960212766,0.14
1275 , 9.96149540785403,0.14
1276 , 9.961716639410808,0.14
1277 , 9.961772960212766,0.14
1278 , 9.961866399338412,0.141
1279 , 9.961887950351375,0.141
1280 , 9.961887179504247,0.141
1281 , 9.96222404456567,0.141
1282 , 9.962039461206022,0.141
1283 , 9.962226397991616,0.141
1284 , 9.96222404456567,0.141
1285 , 9.96222404456567,0.141
1286 , 9.964572996358967,0.141
1287 , 9.962940372123818,0.141
1288 , 9.964572996358967,0.141
1289 , 9.979011250484838,0.141
1290 , 9.963056900956728,0.141
1291 , 9.975728231643044,0.141
1292 , 9.97135429401848,0.141
1293 , 9.975563118743876,0.141
1294 , 9.976658548247501,0.141
1295 , 9.976871713503554,0.141
1296 , 9.978225084098698,0.141
1297 , 9.978225084098698,0.142
1298 , 9.979194723472878,0.142
1299 , 9.978327169173518,0.142
1300 , 9.979194723472878,0.142
1301 , 9.97912063735754,0.142
1302 , 9.97907225177702,0.142
1303 , 9.979778597927941,0.142
1304 , 9.974271467076782,0.142
1305 , 9.979432834582255,0.142
1306 , 9.979257874077394,0.142
1307 , 9.983026367203918,0.142
1308 , 9.981249799819107,0.142
1309 , 9.980527391091782,0.142
1310 , 9.981249799819107,0.142
1311 , 9.982163865807884,0.142
1312 , 9.985212334600863,0.142
1313 , 9.98296660165651,0.142
1314 , 9.98982780311297,0.142
1315 , 9.991124705725161,0.142
1316 , 9.991831953710978,0.143
1317 , 9.99077615390966,0.143
1318 , 9.992964299254632,0.143
1319 , 9.991110704635469,0.143
1320 , 9.992964299254632,0.143
1321 , 9.973564201922848,0.143
1322 , 9.992964299254632,0.143
1323 , 9.99319303289719,0.143
1324 , 9.993003930687074,0.143
1325 , 9.992989931661448,0.143
1326 , 9.993373360150906,0.143
1327 , 9.99319303289719,0.143
1328 , 9.99446273431254,0.143
1329 , 9.994877488292145,0.143
1330 , 9.996560114103454,0.143
1331 , 9.996560114103454,0.143
1332 , 9.995595173392749,0.143
1333 , 9.996537131979968,0.143
1334 , 9.996548871254928,0.143
1335 , 9.9909969080897,0.143
1336 , 9.996085137572393,0.143
1337 , 9.996560114103454,0.143
1338 , 9.996635963988481,0.144
1339 , 9.996554554733601,0.144
1340 , 9.996602575084596,0.144
1341 , 9.996654842171933,0.144
1342 , 9.996624657811822,0.144
1343 , 9.98933728157002,0.144
1344 , 9.9966284673436,0.144
1345 , 9.996649646364991,0.144
1346 , 9.996699878835319,0.144
1347 , 9.996686674690793,0.144
1348 , 9.996313305447863,0.144
1349 , 9.996696254360817,0.144
1350 , 9.996698810943851,0.144
1351 , 9.994394728864727,0.144
1352 , 9.996698810943851,0.144
1353 , 9.995987220022847,0.144
1354 , 9.996699878835319,0.144
1355 , 9.996266744928345,0.144
1356 , 9.997687622981259,0.144
1357 , 9.997629761675132,0.144
1358 , 9.997627430684567,0.144
1359 , 9.997626125418355,0.145
1360 , 9.996817788184924,0.145
1361 , 9.925295625714954,0.145
1362 , 9.998256779807715,0.145
1363 , 9.997891439148606,0.145
1364 , 9.999170141711824,0.145
1365 , 9.997773209358227,0.145
1366 , 9.998758428432353,0.145
1367 , 9.999095371416868,0.145
1368 , 9.999035821365606,0.145
1369 , 9.999195361578476,0.145
1370 , 9.999346477909434,0.145
1371 , 9.999281657183003,0.145
1372 , 9.999228681467466,0.145
1373 , 9.99946521688068,0.145
1374 , 9.999430017592902,0.145
1375 , 9.999362785017535,0.145
1376 , 9.999440542240436,0.146
1377 , 9.999053845364967,0.146
1378 , 9.99947123652322,0.146
1379 , 9.999440542240436,0.146
1380 , 9.999459515023204,0.146
1381 , 9.99946521688068,0.146
1382 , 9.999459515023204,0.146
1383 , 9.999457752269123,0.146
1384 , 9.999476367491342,0.146
1385 , 9.999472827337707,0.146
1386 , 9.999475837249047,0.146
1387 , 9.999574280275919,0.146
1388 , 9.999513939284794,0.146
1389 , 9.999532446816957,0.146
1390 , 9.999508558276693,0.146
1391 , 9.99932988840113,0.146
1392 , 9.99947020337982,0.146
1393 , 9.999591332021073,0.146
1394 , 9.99958868055402,0.146
1395 , 9.999591157012578,0.146
1396 , 9.999591157012578,0.146
1397 , 9.998218667529251,0.146
1398 , 9.999591474997061,0.147
1399 , 9.996784790634608,0.147
1400 , 9.999592153644315,0.147
1401 , 9.999427972405455,0.147
1402 , 9.999484906758525,0.147
1403 , 9.999592153644315,0.147
1404 , 9.999592023721517,0.147
1405 , 9.999592141034256,0.147
1406 , 9.998923242719156,0.147
1407 , 9.999592153644315,0.147
1408 , 9.999249220971608,0.147
1409 , 9.999592141034256,0.147
1410 , 9.999554112560089,0.147
1411 , 9.999592153644315,0.147
1412 , 9.999592153644315,0.147
1413 , 9.999592160427262,0.147
1414 , 9.999592160307799,0.147
1415 , 9.99685621265898,0.148
1416 , 9.999592160427262,0.148
1417 , 9.99924905671575,0.148
1418 , 9.999028510327484,0.148
1419 , 9.999437417385025,0.148
1420 , 9.999592160307799,0.148
1421 , 9.999592160951167,0.148
1422 , 9.999592161149339,0.148
1423 , 9.999043564688805,0.148
1424 , 9.999610007793862,0.148
1425 , 9.999523741259855,0.148
1426 , 9.999603066204779,0.148
1427 , 9.999603070781479,0.148
1428 , 9.999598110261886,0.148
1429 , 9.999383620589818,0.148
1430 , 9.999605174634352,0.148
1431 , 9.999607032457993,0.148
1432 , 9.999605174634352,0.148
1433 , 9.999606134582281,0.148
1434 , 9.999609547938649,0.148
1435 , 9.999610110187728,0.149
1436 , 9.999607960573151,0.149
1437 , 9.999608421230583,0.149
1438 , 9.999608784084158,0.149
1439 , 9.999597049887116,0.149
1440 , 9.999608784084158,0.149
1441 , 9.999388969604379,0.149
1442 , 9.999216363852874,0.149
1443 , 9.99875555991334,0.149
1444 , 9.999609912143463,0.149
1445 , 9.999609912143463,0.149
1446 , 9.999610146899595,0.149
1447 , 9.99962384692012,0.149
1448 , 9.999610106330842,0.149
1449 , 9.999624308903675,0.149
1450 , 9.995694202863756,0.149
1451 , 9.999596284142914,0.149
1452 , 9.99935105816143,0.149
1453 , 9.999618915810057,0.149
1454 , 9.998626013360948,0.149
1455 , 9.999623160821876,0.149
1456 , 9.999626002090455,0.149
1457 , 9.999611328700821,0.15
1458 , 9.999624741324157,0.15
1459 , 9.999624308903675,0.15
1460 , 9.999626873045388,0.15
1461 , 9.999609269969213,0.15
1462 , 9.999626289768724,0.15
1463 , 9.999626526178545,0.15
1464 , 9.999625868595688,0.15
1465 , 9.999626756104274,0.15
1466 , 9.999626526178545,0.15
1467 , 9.99962667939514,0.15
1468 , 9.999626756104274,0.15
1469 , 9.999486521632697,0.15
1470 , 9.999628978050126,0.15
1471 , 9.999628978050126,0.15
1472 , 9.999627981492413,0.15
1473 , 9.999489332950906,0.15
1474 , 9.999515771342013,0.15
1475 , 9.999324682269023,0.15
1476 , 9.999628978050126,0.15
1477 , 9.999630135811511,0.15
1478 , 9.999628517964007,0.15
1479 , 9.997197402551743,0.15
1480 , 9.999628517964007,0.151
1481 , 9.999624259870675,0.151
1482 , 9.99950386601004,0.151
1483 , 9.999553777994674,0.151
1484 , 9.99960451236571,0.151
1485 , 9.999629866730304,0.151
1486 , 9.9996299657088,0.151
1487 , 9.9996299657088,0.151
1488 , 9.999225606328007,0.151
1489 , 9.999630152954644,0.151
1490 , 9.999629403000196,0.151
1491 , 9.999630169931699,0.151
1492 , 9.99963012530465,0.151
1493 , 9.999630169931699,0.151
1494 , 9.999630159258759,0.151
1495 , 9.999624829014964,0.151
1496 , 9.999564200050767,0.151
1497 , 9.999630169931699,0.151
1498 , 9.99750686834889,0.151
1499 , 9.999630169931699,0.151
1500 , 9.9996301704778,0.151
1501 , 9.999602616338873,0.151
1502 , 9.999630169931699,0.151
1503 , 9.999630170603947,0.152
1504 , 9.999630170603947,0.152
1505 , 9.991392649029404,0.152
1506 , 9.999630170367622,0.152
1507 , 9.999630170603947,0.152
1508 , 9.999630170603947,0.152
1509 , 9.999630170603947,0.152
1510 , 9.997728373879301,0.152
1511 , 9.999603119386999,0.152
1512 , 9.999619878632968,0.152
1513 , 9.999629703241627,0.152
1514 , 9.999463178712327,0.152
1515 , 9.999630170603947,0.152
1516 , 9.999630170603947,0.152
1517 , 9.999630170603947,0.152
1518 , 9.999630170603947,0.152
1519 , 9.998733340598024,0.152
1520 , 9.99684572581285,0.152
1521 , 9.999630170603947,0.152
1522 , 9.999725995940715,0.152
1523 , 9.999398314626028,0.153
1524 , 9.999684743039753,0.153
1525 , 9.999659122006289,0.153
1526 , 9.999684743039753,0.153
1527 , 9.999650979373133,0.153
1528 , 9.999707034188868,0.153
1529 , 9.999707034188868,0.153
1530 , 9.998024935152072,0.153
1531 , 9.999707034188868,0.153
1532 , 9.999369098969067,0.153
1533 , 9.999707034188868,0.153
1534 , 9.999666290436783,0.153
1535 , 9.999707034188868,0.153
1536 , 9.999707034188868,0.153
1537 , 9.999707034188868,0.153
1538 , 9.9997175721775,0.153
1539 , 9.999710733170073,0.153
1540 , 9.999717357068198,0.153
1541 , 9.999711888507925,0.153
1542 , 9.999719412939937,0.153
1543 , 9.999709989403541,0.153
1544 , 9.999689580715131,0.154
1545 , 9.999722283418524,0.154
1546 , 9.999718597926897,0.154
1547 , 9.99972293453383,0.154
1548 , 9.999722766490901,0.154
1549 , 9.999724362696742,0.154
1550 , 9.999726003171489,0.154
1551 , 9.999724097210906,0.154
1552 , 9.99972928795073,0.154
1553 , 9.999724362696742,0.154
1554 , 9.999729330097704,0.154
1555 , 9.999715742157743,0.154
1556 , 9.999733343364511,0.154
1557 , 9.999701099835182,0.154
1558 , 9.999729474494279,0.154
1559 , 9.99973156951132,0.154
1560 , 9.999637935239486,0.154
1561 , 9.99972355676771,0.154
1562 , 9.999482946952632,0.154
1563 , 9.999720958304986,0.154
1564 , 9.999302908074338,0.154
1565 , 9.999788488223585,0.155
1566 , 9.999714435985661,0.155
1567 , 9.99973182418316,0.155
1568 , 9.999731712627517,0.155
1569 , 9.999788488223585,0.155
1570 , 9.999730106172072,0.155
1571 , 9.999837641358472,0.155
1572 , 9.999786286909211,0.155
1573 , 9.999837641358472,0.155
1574 , 9.999788488223585,0.155
1575 , 9.999837641358472,0.155
1576 , 9.999837641358472,0.155
1577 , 9.999832862420924,0.155
1578 , 9.9998380813016,0.155
1579 , 9.999837891629053,0.155
1580 , 9.999837641358472,0.155
1581 , 9.999837774068475,0.155
1582 , 9.999837641358472,0.155
1583 , 9.999837709607146,0.155
1584 , 9.999471604801492,0.155
1585 , 9.998707467403712,0.156
1586 , 9.999838963902498,0.156
1587 , 9.99982829851499,0.156
1588 , 9.99983838897655,0.156
1589 , 9.99983838897655,0.156
1590 , 9.99973839382063,0.156
1591 , 9.998705195238024,0.156
1592 , 9.999864308722074,0.156
1593 , 9.999783000297931,0.156
1594 , 9.999861390827116,0.156
1595 , 9.999838963902498,0.156
1596 , 9.999878068053093,0.156
1597 , 9.999876719528794,0.156
1598 , 9.999879016540138,0.156
1599 , 9.999879019003883,0.156
1600 , 9.999879305514218,0.156
1601 , 9.999879305514218,0.156
1602 , 9.999879637498228,0.157
1603 , 9.999886179059022,0.157
1604 , 9.990817698368353,0.157
1605 , 9.9998852413456,0.157
1606 , 9.999105938298404,0.157
1607 , 9.999882191457482,0.157
1608 , 9.999832315739646,0.157
1609 , 9.99988516757252,0.157
1610 , 9.999885043346577,0.157
1611 , 9.999867860889946,0.157
1612 , 9.99988506794243,0.157
1613 , 9.9998852413456,0.157
1614 , 9.999885080590872,0.157
1615 , 9.999456230479407,0.157
1616 , 9.9998852413456,0.157
1617 , 9.9998852413456,0.157
1618 , 9.9998852413456,0.157
1619 , 9.999886293471238,0.157
1620 , 9.999886536216264,0.157
1621 , 9.9998852413456,0.157
1622 , 9.999340437199287,0.158
1623 , 9.999886073084362,0.158
1624 , 9.999886401435074,0.158
1625 , 9.999886560712708,0.158
1626 , 9.999847341351705,0.158
1627 , 9.999886560712708,0.158
1628 , 9.999822174175627,0.158
1629 , 9.999886383321808,0.158
1630 , 9.99975409772443,0.158
1631 , 9.999886560712708,0.158
1632 , 9.997925423348924,0.158
1633 , 9.999885825053399,0.158
1634 , 9.999886560712708,0.158
1635 , 9.999804084243047,0.158
1636 , 9.99782285693625,0.158
1637 , 9.999886560712708,0.158
1638 , 9.999886560712708,0.158
1639 , 9.999818362879404,0.158
1640 , 9.999891391471948,0.158
1641 , 9.999891391471948,0.158
1642 , 9.999815957670489,0.158
1643 , 9.999643550504256,0.158
1644 , 9.999891752973532,0.159
1645 , 9.999889851110868,0.159
1646 , 9.99989226639546,0.159
1647 , 9.999842248024581,0.159
1648 , 9.999892002470906,0.159
1649 , 9.999885524310546,0.159
1650 , 9.999892183233644,0.159
1651 , 9.999892395010043,0.159
1652 , 9.999892049595674,0.159
1653 , 9.999891992883907,0.159
1654 , 9.997740132391776,0.159
1655 , 9.999892129305174,0.159
1656 , 9.999736322193403,0.159
1657 , 9.99989238154235,0.159
1658 , 9.99989235446133,0.159
1659 , 9.999892283151299,0.159
1660 , 9.999891619664513,0.159
1661 , 9.999892478343682,0.159
1662 , 9.999892459193184,0.159
1663 , 9.999891522507273,0.159
1664 , 9.999892471031348,0.159
1665 , 9.999892433034645,0.159
1666 , 9.999892432730626,0.159
1667 , 9.999892468202663,0.16
1668 , 9.999892476439578,0.16
1669 , 9.999892478183236,0.16
1670 , 9.999892478183236,0.16
1671 , 9.999892232080729,0.16
1672 , 9.999892476439578,0.16
1673 , 9.999892476094828,0.16
1674 , 9.999892451281664,0.16
1675 , 9.99989247846136,0.16
1676 , 9.999884220840423,0.16
1677 , 9.999869534851623,0.16
1678 , 9.99980057735974,0.16
1679 , 9.999892757161039,0.16
1680 , 9.99982137122139,0.16
1681 , 9.999747421681068,0.16
1682 , 9.99989247846136,0.16
1683 , 9.999892787157428,0.16
1684 , 9.999892167107461,0.16
1685 , 9.99945529063696,0.16
1686 , 9.999892478451997,0.16
1687 , 9.999725639635104,0.16
1688 , 9.999892478469048,0.161
1689 , 9.99989247846136,0.161
1690 , 9.999874585044582,0.161
1691 , 9.99989278319482,0.161
1692 , 9.999845570484391,0.161
1693 , 9.999892055535645,0.161
1694 , 9.999892740487217,0.161
1695 , 9.995040772907458,0.161
1696 , 9.999892786899387,0.161
1697 , 9.999891799640775,0.161
1698 , 9.99989274173583,0.161
1699 , 9.99989278319482,0.161
1700 , 9.99989196639185,0.161
1701 , 9.99989278547792,0.161
1702 , 9.999892782877254,0.161
1703 , 9.999892784444075,0.161
1704 , 9.999892787459224,0.161
1705 , 9.999892787459224,0.161
1706 , 9.999892787459224,0.161
1707 , 9.999891790409812,0.161
1708 , 9.99989278728701,0.161
1709 , 9.999892787459224,0.161
1710 , 9.999892787459224,0.161
1711 , 9.999892787459224,0.162
1712 , 9.999892787459224,0.162
1713 , 9.999892787459224,0.162
1714 , 9.999892787459224,0.162
1715 , 9.999892787459224,0.162
1716 , 9.999892787459224,0.162
1717 , 9.999847737305966,0.162
1718 , 9.999889308949747,0.162
1719 , 9.999357884796433,0.162
1720 , 9.971719854202446,0.162
1721 , 9.999892787459224,0.162
1722 , 9.999892348604373,0.162
1723 , 9.999883509653117,0.162
1724 , 9.999892787459224,0.162
1725 , 9.999844424391702,0.162
1726 , 9.999892787459224,0.162
1727 , 9.999892787459224,0.162
1728 , 9.999807419673871,0.162
1729 , 9.999892787459224,0.162
1730 , 9.999892787459224,0.162
1731 , 9.999892787459224,0.162
1732 , 9.999892787459224,0.162
1733 , 9.999892787459224,0.163
1734 , 9.999892777683074,0.163
1735 , 9.999892787459224,0.163
1736 , 9.999892787459224,0.163
1737 , 9.999892787459224,0.163
1738 , 9.999829390833696,0.163
1739 , 9.999646258941645,0.163
1740 , 9.999892787459224,0.163
1741 , 9.999892787459224,0.163
1742 , 9.999892787459224,0.163
1743 , 9.999892787459224,0.163
1744 , 9.999892787459224,0.163
1745 , 9.999892787459224,0.163
1746 , 9.999892787459224,0.163
1747 , 9.999892787459224,0.163
1748 , 9.999892787459224,0.163
1749 , 9.999892787459224,0.163
1750 , 9.984534124741618,0.163
1751 , 9.999892787459224,0.163
1752 , 9.999888942898812,0.163
1753 , 9.999858682177642,0.163
1754 , 9.999892787459224,0.163
1755 , 9.999892787459224,0.164
1756 , 9.999892787459224,0.164
1757 , 9.999658726792811,0.164
1758 , 9.991481984858728,0.164
1759 , 9.999686697239982,0.164
1760 , 9.999889789823653,0.164
1761 , 9.999891768354349,0.164
1762 , 9.999892787459224,0.164
1763 , 9.999835643516597,0.164
1764 , 9.999893622613923,0.164
1765 , 9.999893141138244,0.164
1766 , 9.999237616192536,0.164
1767 , 9.999893557977607,0.164
1768 , 9.999893185115038,0.164
1769 , 9.999823103226198,0.164
1770 , 9.999893218926386,0.164
1771 , 9.999893146577955,0.164
1772 , 9.99968368457663,0.164
1773 , 9.999893561985079,0.165
1774 , 9.99989340662688,0.165
1775 , 9.999893602230634,0.165
1776 , 9.999893622232443,0.165
1777 , 9.999893474616803,0.165
1778 , 9.999787417079988,0.165
1779 , 9.999893602230634,0.165
1780 , 9.999743349939619,0.165
1781 , 9.999826170620747,0.165
1782 , 9.999893622613923,0.165
1783 , 9.99989295426247,0.165
1784 , 9.99989361490507,0.165
1785 , 9.99989362526456,0.165
1786 , 9.99989361490507,0.165
1787 , 9.999877546997928,0.165
1788 , 9.999893622613923,0.165
1789 , 9.999893527654898,0.165
1790 , 9.997735440107647,0.165
1791 , 9.999893337192576,0.165
1792 , 9.999891745291984,0.165
1793 , 9.999893624277227,0.165
1794 , 9.999893624390143,0.166
1795 , 9.999889029824931,0.166
1796 , 9.99883484843247,0.166
1797 , 9.999893624940078,0.166
1798 , 9.999893624940078,0.166
1799 , 9.999886983528924,0.166
1800 , 9.999893625130502,0.166
1801 , 9.999541562631055,0.166
1802 , 9.999893539695371,0.166
1803 , 9.999117405079707,0.166
1804 , 9.999893386538117,0.166
1805 , 9.999893625130502,0.166
1806 , 9.997354435808344,0.166
1807 , 9.999893625204576,0.166
1808 , 9.999893625130502,0.166
1809 , 9.9998936251693,0.166
1810 , 9.99989362515034,0.166
1811 , 9.999893625130502,0.166
1812 , 9.99989362526456,0.166
1813 , 9.999893494413254,0.166
1814 , 9.99989362523633,0.166
1815 , 9.999893625250886,0.166
1816 , 9.999893625257833,0.167
1817 , 9.999893620298705,0.167
1818 , 9.999893625254387,0.167
1819 , 9.999893625257833,0.167
1820 , 9.999893123358977,0.167
1821 , 9.999893625256117,0.167
1822 , 9.999893469076905,0.167
1823 , 9.92836284674627,0.167
1824 , 9.999893553059083,0.167
1825 , 9.999871779584508,0.167
1826 , 9.99989362526456,0.167
1827 , 9.99989362526456,0.167
1828 , 9.999893145857499,0.167
1829 , 9.999893625257833,0.167
1830 , 9.999860130992,0.167
1831 , 9.99989362526456,0.167
1832 , 9.99989362526456,0.167
1833 , 9.999893583389873,0.167
1834 , 9.99989362526456,0.167
1835 , 9.99989362526456,0.167
1836 , 9.99989362526456,0.167
1837 , 9.99989362526456,0.167
1838 , 9.99989362526456,0.167
1839 , 9.999873959896407,0.168
1840 , 9.99989362526456,0.168
1841 , 9.99989362526456,0.168
1842 , 9.993280211913664,0.168
1843 , 9.99989362526456,0.168
1844 , 9.99989362526456,0.168
1845 , 9.99989359067661,0.168
1846 , 9.99989362526456,0.168
1847 , 9.99989362526456,0.168
1848 , 9.993479149497887,0.168
1849 , 9.99989362526456,0.168
1850 , 9.99989266177263,0.168
1851 , 9.99989362526456,0.168
1852 , 9.99989312053961,0.168
1853 , 9.99989362526456,0.168
1854 , 9.99989362526456,0.168
1855 , 9.992673435081372,0.168
1856 , 9.99989362526456,0.168
1857 , 9.999893625016204,0.168
1858 , 9.99989362526456,0.168
1859 , 9.99989362526456,0.168
1860 , 9.99989362526456,0.168
1861 , 9.999892862002115,0.169
1862 , 9.99989362526456,0.169
1863 , 9.99989362526456,0.169
1864 , 9.99992154170696,0.169
1865 , 9.99990846855254,0.169
1866 , 9.999911586511509,0.169
1867 , 9.999916649692226,0.169
1868 , 9.99903513911808,0.169
1869 , 9.999912970320828,0.169
1870 , 9.999918181015218,0.169
1871 , 9.999824634115521,0.169
1872 , 9.999917441049108,0.169
1873 , 9.999917274706194,0.169
1874 , 9.99991763085845,0.169
1875 , 9.99991763085845,0.169
1876 , 9.999917909550168,0.169
1877 , 9.999919986662663,0.169
1878 , 9.999920829439672,0.169
1879 , 9.999921354428725,0.17
1880 , 9.999921858883637,0.17
1881 , 9.999890773558954,0.17
1882 , 9.99992154170696,0.17
1883 , 9.999921738357,0.17
1884 , 9.999921610800849,0.17
1885 , 9.999482420618735,0.17
1886 , 9.999921946717752,0.17
1887 , 9.999922289304333,0.17
1888 , 9.99992199883675,0.17
1889 , 9.999922195824972,0.17
1890 , 9.999922185804172,0.17
1891 , 9.99992223396651,0.17
1892 , 9.999922349537812,0.17
1893 , 9.999922319796289,0.17
1894 , 9.999922277826043,0.17
1895 , 9.999887072714644,0.17
1896 , 9.999922284095895,0.17
1897 , 9.99991515112455,0.17
1898 , 9.999881923787237,0.171
1899 , 9.999916318162775,0.171
1900 , 9.999378715070101,0.171
1901 , 9.999588669741867,0.171
1902 , 9.999922360640015,0.171
1903 , 9.999887532691043,0.171
1904 , 9.999922304644114,0.171
1905 , 9.999411574456094,0.171
1906 , 9.999922327302022,0.171
1907 , 9.999922360640015,0.171
1908 , 9.999922360640015,0.171
1909 , 9.999721627393729,0.171
1910 , 9.999922361329363,0.171
1911 , 9.999922419050986,0.171
1912 , 9.999914448380181,0.171
1913 , 9.999922396736615,0.171
1914 , 9.999925666816557,0.171
1915 , 9.999925666816557,0.171
1916 , 9.999924291064795,0.171
1917 , 9.999925758606482,0.171
1918 , 9.99969375490852,0.171
1919 , 9.999925738566635,0.171
1920 , 9.999925709155342,0.172
1921 , 9.99992572547693,0.172
1922 , 9.99959435820059,0.172
1923 , 9.999899472720115,0.172
1924 , 9.999915643949798,0.172
1925 , 9.999925709155342,0.172
1926 , 9.999925755050372,0.172
1927 , 9.9961622928688,0.172
1928 , 9.99992572547693,0.172
1929 , 9.999906713599557,0.172
1930 , 9.999923919612444,0.172
1931 , 9.99992341366473,0.172
1932 , 9.999914258814826,0.172
1933 , 9.9999257521414,0.172
1934 , 9.999924401628558,0.172
1935 , 9.99992574389953,0.172
1936 , 9.999925757232253,0.172
1937 , 9.963926041253991,0.172
1938 , 9.996523124582552,0.172
1939 , 9.999925758444384,0.172
1940 , 9.999925758053495,0.173
1941 , 9.99992575836352,0.173
1942 , 9.999919673771448,0.173
1943 , 9.99992575836352,0.173
1944 , 9.999925758932715,0.173
1945 , 9.999925632787056,0.173
1946 , 9.999925758700257,0.173
1947 , 9.999925758553205,0.173
1948 , 9.999925758700257,0.173
1949 , 9.999925758553205,0.173
1950 , 9.999925705350035,0.173
1951 , 9.999925731506139,0.173
1952 , 9.999925758868274,0.173
1953 , 9.999925728387907,0.173
1954 , 9.999925758700257,0.173
1955 , 9.999925758700257,0.173
1956 , 9.999925758797213,0.173
1957 , 9.999925758932715,0.173
1958 , 9.999925758932715,0.173
1959 , 9.999469042248284,0.174
1960 , 9.999925758913442,0.174
1961 , 9.999925758932715,0.174
1962 , 9.999925758932715,0.174
1963 , 9.999925758932715,0.174
1964 , 9.999925758932715,0.174
1965 , 9.999923858748554,0.174
1966 , 9.999925437830075,0.174
1967 , 9.999925758932715,0.174
1968 , 9.999925758932715,0.174
1969 , 9.999921827333175,0.174
1970 , 9.999925758932715,0.174
1971 , 9.999925756954752,0.174
1972 , 9.999925758932715,0.174
1973 , 9.999925758932715,0.174
1974 , 9.999925758932715,0.174
1975 , 9.999925758932715,0.174
1976 , 9.999925758932715,0.174
1977 , 9.999925742115206,0.174
1978 , 9.999925810281871,0.174
1979 , 9.999925457930086,0.175
1980 , 9.999839706257168,0.175
1981 , 9.999925800316666,0.175
1982 , 9.999909551176563,0.175
1983 , 9.998258614514144,0.175
1984 , 9.999924203092373,0.175
1985 , 9.999925783552033,0.175
1986 , 9.999925792916185,0.175
1987 , 9.999925783552033,0.175
1988 , 9.999925746896118,0.175
1989 , 9.999925805753474,0.175
1990 , 9.9999258077355,0.175
1991 , 9.999925250773572,0.175
1992 , 9.999925800316666,0.175
1993 , 9.999925810542805,0.175
1994 , 9.999925810542805,0.175
1995 , 9.999925810542805,0.175
1996 , 9.9982178802131,0.175
1997 , 9.999538026555726,0.175
1998 , 9.999925810542805,0.176
1999 , 9.999843619969859,0.176
2000 , 9.999925810542805,0.176
2001 , 9.999925766194064,0.176
2002 , 9.999106551453071,0.176
2003 , 9.999925810178974,0.176
2004 , 9.999925810542805,0.176
2005 , 9.999925810542805,0.176
2006 , 9.999925810542805,0.176
2007 , 9.999925810542805,0.176
2008 , 9.999925810542805,0.176
2009 , 9.999925810542805,0.176
2010 , 9.999925810542805,0.176
2011 , 9.999925810542805,0.176
2012 , 9.99967878368606,0.176
2013 , 9.999925805239693,0.176
2014 , 9.999915593981157,0.176
2015 , 9.999926367649651,0.176
2016 , 9.999926172636137,0.176
2017 , 9.999926367649651,0.176
2018 , 9.999926367649651,0.176
2019 , 9.999295127633138,0.176
2020 , 9.99992636495728,0.176
2021 , 9.999924848816251,0.177
2022 , 9.999926367649651,0.177
2023 , 9.999926367649651,0.177
2024 , 9.999926367649651,0.177
2025 , 9.999926341560668,0.177
2026 , 9.999926367649651,0.177
2027 , 9.999926367649651,0.177
2028 , 9.999926367649651,0.177
2029 , 9.999926367649651,0.177
2030 , 9.999474921298198,0.177
2031 , 9.999925992667054,0.177
2032 , 9.999924411958613,0.177
2033 , 9.999913158771095,0.177
2034 , 9.999925874128362,0.177
2035 , 9.999314704764503,0.177
2036 , 9.999893734107898,0.177
2037 , 9.999918074529978,0.177
2038 , 9.999926367649651,0.177
2039 , 9.999927549935663,0.177
2040 , 9.999677312571837,0.177
2041 , 9.999926367649651,0.177
2042 , 9.99990560226468,0.177
2043 , 9.999927212509839,0.178
2044 , 9.999927549935663,0.178
2045 , 9.999876373067927,0.178
2046 , 9.999927494557,0.178
2047 , 9.999927549935663,0.178
2048 , 9.999689015444213,0.178
2049 , 9.999927549935663,0.178
2050 , 9.999927549935663,0.178
2051 , 9.999927549935663,0.178
2052 , 9.999927549935663,0.178
2053 , 9.999927549935663,0.178
2054 , 9.999927549935663,0.178
2055 , 9.999927549935663,0.178
2056 , 9.999927549935663,0.178
2057 , 9.999912611519836,0.178
2058 , 9.999927609282501,0.178
2059 , 9.999927549935663,0.178
2060 , 9.999927584348734,0.178
2061 , 9.999927609282501,0.178
2062 , 9.999927598000534,0.178
2063 , 9.999824670406126,0.178
2064 , 9.999927598000534,0.178
2065 , 9.999927598000534,0.178
2066 , 9.999927557651706,0.179
2067 , 9.999873660458714,0.179
2068 , 9.997901312110503,0.179
2069 , 9.999916646130744,0.179
2070 , 9.999927603937746,0.179
2071 , 9.999927603937746,0.179
2072 , 9.99992551904893,0.179
2073 , 9.999927623935895,0.179
2074 , 9.999927397812021,0.179
2075 , 9.999927603937746,0.179
2076 , 9.999924098573654,0.179
2077 , 9.999927606684182,0.179
2078 , 9.99992738742263,0.179
2079 , 9.99992761762867,0.179
2080 , 9.999927624977689,0.179
2081 , 9.999927624977689,0.179
2082 , 9.999927613710453,0.179
2083 , 9.999926823843362,0.179
2084 , 9.999912100925238,0.179
2085 , 9.999927626317175,0.179
2086 , 9.999927624977689,0.179
2087 , 9.999927626317175,0.179
2088 , 9.999927626112529,0.179
2089 , 9.999927626112529,0.18
2090 , 9.999927626331125,0.18
2091 , 9.99992762635322,0.18
2092 , 9.999927626317175,0.18
2093 , 9.99992762634944,0.18
2094 , 9.999909838244177,0.18
2095 , 9.99992762635322,0.18
2096 , 9.999927626342464,0.18
2097 , 9.999927626353145,0.18
2098 , 9.999927626349658,0.18
2099 , 9.99992749839318,0.18
2100 , 9.99988017622931,0.18
2101 , 9.99992762635322,0.18
2102 , 9.999861558626236,0.18
2103 , 9.999128380626878,0.18
2104 , 9.999918806094666,0.18
2105 , 9.999927451338102,0.18
2106 , 9.99992762635322,0.18
2107 , 9.99958844319766,0.18
2108 , 9.999927626353637,0.18
2109 , 9.99992764621931,0.18
2110 , 9.99992761738633,0.18
2111 , 9.999927637293949,0.18
2112 , 9.999927642008497,0.181
2113 , 9.99992764417687,0.181
2114 , 9.99992764417687,0.181
2115 , 9.99992764417687,0.181
2116 , 9.999927645213832,0.181
2117 , 9.999927644699287,0.181
2118 , 9.99992764621931,0.181
2119 , 9.99992764621931,0.181
2120 , 9.999913381923177,0.181
2121 , 9.99992651727448,0.181
2122 , 9.999927645720506,0.181
2123 , 9.999927645970892,0.181
2124 , 9.999782063030203,0.181
2125 , 9.99992764621931,0.181
2126 , 9.999927651741089,0.181
2127 , 9.99992765320073,0.181
2128 , 9.999926909739417,0.181
2129 , 9.999927236665432,0.181
2130 , 9.99984291021851,0.181
2131 , 9.999927653313986,0.182
2132 , 9.999927673165118,0.182
2133 , 9.999927653313986,0.182
2134 , 9.99992765325742,0.182
2135 , 9.99992765320073,0.182
2136 , 9.99992766869784,0.182
2137 , 9.99992767274465,0.182
2138 , 9.99992766869784,0.182
2139 , 9.999927673165118,0.182
2140 , 9.999927673154843,0.182
2141 , 9.999927673209971,0.182
2142 , 9.99992432916937,0.182
2143 , 9.999927673089786,0.182
2144 , 9.99991913573534,0.182
2145 , 9.999883281356537,0.182
2146 , 9.999927638223047,0.182
2147 , 9.999927673194904,0.182
2148 , 9.999904502373115,0.182
2149 , 9.999927650306162,0.182
2150 , 9.999924484929528,0.182
2151 , 9.986459896638305,0.182
2152 , 9.999927497834129,0.182
2153 , 9.999927673209971,0.182
2154 , 9.999927474080897,0.183
2155 , 9.999923193400395,0.183
2156 , 9.999927673209971,0.183
2157 , 9.999927673209971,0.183
2158 , 9.999925356840516,0.183
2159 , 9.999922896906956,0.183
2160 , 9.999927673209971,0.183
2161 , 9.999927673209971,0.183
2162 , 9.999927673209971,0.183
2163 , 9.99991483236289,0.183
2164 , 9.999927673209971,0.183
2165 , 9.999927673209971,0.183
2166 , 9.999927673209971,0.183
2167 , 9.999832685070722,0.183
2168 , 9.999927673209971,0.183
2169 , 9.999927673209971,0.183
2170 , 9.999927673209971,0.183
2171 , 9.999927673209971,0.183
2172 , 9.99992718044955,0.183
2173 , 9.999893782105083,0.183
2174 , 9.999927673209971,0.183
2175 , 9.999927673209971,0.183
2176 , 9.999927673209971,0.184
2177 , 9.999927673209971,0.184
2178 , 9.999927673209971,0.184
2179 , 9.99983173449346,0.184
2180 , 9.999926099267268,0.184
2181 , 9.999927673209971,0.184
2182 , 9.999927673209971,0.184
2183 , 9.999927673209971,0.184
2184 , 9.999912175412478,0.184
2185 , 9.999927673209971,0.184
2186 , 9.999927673209971,0.184
2187 , 9.999927673209971,0.184
2188 , 9.99992711164065,0.184
2189 , 9.999927673209971,0.184
2190 , 9.999927673209971,0.184
2191 , 9.999926468672717,0.184
2192 , 9.999927673209971,0.184
2193 , 9.999922109854058,0.184
2194 , 9.999927673209971,0.184
2195 , 9.999927673209971,0.184
2196 , 9.99992762015658,0.184
2197 , 9.999924062203974,0.184
2198 , 9.999927673209971,0.184
2199 , 9.999927673209971,0.184
2200 , 9.999801576512763,0.185
2201 , 9.999921940711406,0.185
2202 , 9.999927091590589,0.185
2203 , 9.99988385567772,0.185
2204 , 9.999927673209971,0.185
2205 , 9.999927673209971,0.185
2206 , 9.999927673209971,0.185
2207 , 9.99992680873212,0.185
2208 , 9.999927673209971,0.185
2209 , 9.999927673209971,0.185
2210 , 9.999927673060977,0.185
2211 , 9.999917481351186,0.185
2212 , 9.999927673209971,0.185
2213 , 9.999927673209971,0.185
2214 , 9.999066640232803,0.185
2215 , 9.999927673209971,0.185
2216 , 9.999927592992538,0.185
2217 , 9.999927673209971,0.185
2218 , 9.99925108311893,0.185
2219 , 9.999927673209971,0.185
2220 , 9.999927673209971,0.185
2221 , 9.999927673209971,0.185
2222 , 9.99992549673103,0.186
2223 , 9.976958357028273,0.186
2224 , 9.999927673209971,0.186
2225 , 9.999927673209971,0.186
2226 , 9.999927673209971,0.186
2227 , 9.999902334261952,0.186
2228 , 9.999927673209971,0.186
2229 , 9.999927673209971,0.186
2230 , 9.999927673209971,0.186
2231 , 9.999925353679577,0.186
2232 , 9.999927615230252,0.186
2233 , 9.999875837211858,0.186
2234 , 9.999708183129332,0.186
2235 , 9.99985048738474,0.186
2236 , 9.999927670856477,0.186
2237 , 9.999860765246511,0.186
2238 , 9.999927673209971,0.186
2239 , 9.999927673209971,0.186
2240 , 9.999919563546879,0.186
2241 , 9.999927673209971,0.186
2242 , 9.999927673209971,0.187
2243 , 9.999927673209971,0.187
2244 , 9.999928353784803,0.187
2245 , 9.99992816963333,0.187
2246 , 9.99992816963333,0.187
2247 , 9.99992816963333,0.187
2248 , 9.999928353784803,0.187
2249 , 9.99992816963333,0.187
2250 , 9.999924787163682,0.187
2251 , 9.999928353784803,0.187
2252 , 9.999928346922449,0.187
2253 , 9.999928346922449,0.187
2254 , 9.999928347843111,0.187
2255 , 9.99992548002272,0.187
2256 , 9.999928353784803,0.187
2257 , 9.999901028764159,0.187
2258 , 9.999928353784803,0.187
2259 , 9.999927986598573,0.187
2260 , 9.999924850970395,0.187
2261 , 9.999598571090205,0.187
2262 , 9.999928353784803,0.187
2263 , 9.999927559558367,0.187
2264 , 9.999928070795335,0.187
2265 , 9.99992781390331,0.187
2266 , 9.999928024441402,0.188
2267 , 9.999928353784803,0.188
2268 , 9.999928162227127,0.188
2269 , 9.999928421114637,0.188
2270 , 9.999924624108068,0.188
2271 , 9.999928212267639,0.188
2272 , 9.999928353784803,0.188
2273 , 9.999928353784803,0.188
2274 , 9.999139177134577,0.188
2275 , 9.999928143755612,0.188
2276 , 9.999928397431482,0.188
2277 , 9.99992838646321,0.188
2278 , 9.999928365783981,0.188
2279 , 9.997886798172186,0.188
2280 , 9.999928252422567,0.188
2281 , 9.99936448501824,0.188
2282 , 9.99990168084696,0.188
2283 , 9.999928421114637,0.188
2284 , 9.999928421114637,0.188
2285 , 9.99992841706543,0.188
2286 , 9.999928414447695,0.188
2287 , 9.999928419245999,0.188
2288 , 9.999894750109222,0.189
2289 , 9.999928420219309,0.189
2290 , 9.999624486082675,0.189
2291 , 9.999926302864031,0.189
2292 , 9.99992842067672,0.189
2293 , 9.999928421114637,0.189
2294 , 9.999928421114637,0.189
2295 , 9.999928421114637,0.189
2296 , 9.999916381445352,0.189
2297 , 9.999925127879543,0.189
2298 , 9.999928421114637,0.189
2299 , 9.999096120129071,0.189
2300 , 9.999928420686643,0.189
2301 , 9.999927121998137,0.189
2302 , 9.999928421114637,0.189
2303 , 9.999928421114637,0.189
2304 , 9.999928421114637,0.189
2305 , 9.999928421114637,0.189
2306 , 9.999791608426298,0.189
2307 , 9.999928421114637,0.189
2308 , 9.999928433272823,0.189
2309 , 9.999928421114637,0.189
2310 , 9.999928433957013,0.19
2311 , 9.999928435305742,0.19
2312 , 9.999928434711988,0.19
2313 , 9.999928435305742,0.19
2314 , 9.999928434711988,0.19
2315 , 9.999928435305742,0.19
2316 , 9.99992843528559,0.19
2317 , 9.99992843528559,0.19
2318 , 9.999928435305742,0.19
2319 , 9.999928435305742,0.19
2320 , 9.999928435322085,0.19
2321 , 9.999870219677298,0.19
2322 , 9.999928435305742,0.19
2323 , 9.999928435320518,0.19
2324 , 9.999928435320518,0.19
2325 , 9.999928435322147,0.19
2326 , 9.998573598416215,0.19
2327 , 9.999928435321436,0.19
2328 , 9.999906557588341,0.19
2329 , 9.999928435323044,0.19
2330 , 9.999928435322827,0.19
2331 , 9.999928435323044,0.19
2332 , 9.999928435323044,0.19
2333 , 9.999928435322994,0.191
2334 , 9.999928434788032,0.191
2335 , 9.999801470187666,0.191
2336 , 9.999911575431778,0.191
2337 , 9.999862020791102,0.191
2338 , 9.999730963383701,0.191
2339 , 9.999928435323044,0.191
2340 , 9.999928410850801,0.191
2341 , 9.999928435323044,0.191
2342 , 9.999928435323044,0.191
2343 , 9.999928435323044,0.191
2344 , 9.999928435323044,0.191
2345 , 9.999928435323044,0.191
2346 , 9.999928435323044,0.191
2347 , 9.99946558983487,0.191
2348 , 9.999928391391371,0.191
2349 , 9.99981702586227,0.191
2350 , 9.999928435323044,0.191
2351 , 9.999928435323044,0.191
2352 , 9.999928435323044,0.191
2353 , 9.999928435323044,0.191
2354 , 9.999887697312621,0.191
2355 , 9.999928435323044,0.191
2356 , 9.999919747907368,0.192
2357 , 9.999692761840627,0.192
2358 , 9.999641490751875,0.192
2359 , 9.999928435323044,0.192
2360 , 9.999928435323044,0.192
2361 , 9.999928435323044,0.192
2362 , 9.999806865801517,0.192
2363 , 9.999928518698981,0.192
2364 , 9.999928397877747,0.192
2365 , 9.999928435323044,0.192
2366 , 9.999928435323044,0.192
2367 , 9.999928491179503,0.192
2368 , 9.999608724101224,0.192
2369 , 9.999928491179503,0.192
2370 , 9.999928491179503,0.192
2371 , 9.999927729881096,0.192
2372 , 9.99992631096969,0.192
2373 , 9.99902664659898,0.192
2374 , 9.99992805079561,0.192
2375 , 9.999928404569186,0.192
2376 , 9.999928466793413,0.192
2377 , 9.999928057929147,0.192
2378 , 9.999591439227176,0.192
2379 , 9.999928210137774,0.193
2380 , 9.999928269867674,0.193
2381 , 9.999928508481347,0.193
2382 , 9.999928223796635,0.193
2383 , 9.999928491179503,0.193
2384 , 9.999928491179503,0.193
2385 , 9.999927680180559,0.193
2386 , 9.999928508481347,0.193
2387 , 9.999846966437305,0.193
2388 , 9.999928509309248,0.193
2389 , 9.999912334917362,0.193
2390 , 9.999928514756288,0.193
2391 , 9.99992851447569,0.193
2392 , 9.999047099086978,0.193
2393 , 9.998033515066094,0.193
2394 , 9.999928511699899,0.193
2395 , 9.999927647652338,0.193
2396 , 9.999928513665905,0.193
2397 , 9.999925537871274,0.193
2398 , 9.99960174475763,0.193
2399 , 9.999928514320548,0.193
2400 , 9.999927392730813,0.193
2401 , 9.999928518698981,0.193
2402 , 9.999430545296377,0.194
2403 , 9.999878591115156,0.194
2404 , 9.999928518698981,0.194
2405 , 9.999928517615928,0.194
2406 , 9.999060048407975,0.194
2407 , 9.999928518698981,0.194
2408 , 9.988801905523992,0.194
2409 , 9.99992851936769,0.194
2410 , 9.999928518698981,0.194
2411 , 9.999926627346866,0.194
2412 , 9.999928518698981,0.194
2413 , 9.999909160698259,0.194
2414 , 9.99992846821161,0.194
2415 , 9.999928518698981,0.194
2416 , 9.999928519087915,0.194
2417 , 9.99992851936769,0.194
2418 , 9.999923418675134,0.194
2419 , 9.999928519087915,0.194
2420 , 9.99992753026176,0.194
2421 , 9.999928250652165,0.194
2422 , 9.99992851936769,0.194
2423 , 9.99992851936769,0.194
2424 , 9.999928519241447,0.194
2425 , 9.99992851936769,0.195
2426 , 9.99992800996292,0.195
2427 , 9.99992851936769,0.195
2428 , 9.99992851936769,0.195
2429 , 9.999895680462295,0.195
2430 , 9.99992851936769,0.195
2431 , 9.99992470201401,0.195
2432 , 9.99992851936769,0.195
2433 , 9.99992851936769,0.195
2434 , 9.99992851936769,0.195
2435 , 9.99992851936769,0.195
2436 , 9.999926121989164,0.195
2437 , 9.99992851936769,0.195
2438 , 9.999925869802368,0.195
2439 , 9.999927949401728,0.195
2440 , 9.999766765986918,0.195
2441 , 9.999927381526048,0.195
2442 , 9.999928505046485,0.195
2443 , 9.99992851936769,0.195
2444 , 9.999930693918518,0.195
2445 , 9.999930883039848,0.195
2446 , 9.999928716836518,0.195
2447 , 9.999676741985827,0.195
2448 , 9.999699069794168,0.196
2449 , 9.999613221978292,0.196
2450 , 9.999930883039848,0.196
2451 , 9.999930883039848,0.196
2452 , 9.999922904246144,0.196
2453 , 9.999928873263833,0.196
2454 , 9.99990346717145,0.196
2455 , 9.999894059308055,0.196
2456 , 9.999930883039848,0.196
2457 , 9.9999280378816,0.196
2458 , 9.99992034101807,0.196
2459 , 9.99993079864988,0.196
2460 , 9.999930952847965,0.196
2461 , 9.999930883039848,0.196
2462 , 9.999930887727592,0.196
2463 , 9.999930883039848,0.196
2464 , 9.999930901478479,0.196
2465 , 9.999925110743613,0.196
2466 , 9.999930887727592,0.196
2467 , 9.999930956631344,0.196
2468 , 9.998823655385007,0.196
2469 , 9.998873792766908,0.196
2470 , 9.999930956631344,0.196
2471 , 9.999930949011667,0.197
2472 , 9.999930956631344,0.197
2473 , 9.99993095534571,0.197
2474 , 9.999930954897392,0.197
2475 , 9.999930956595854,0.197
2476 , 9.999930952149363,0.197
2477 , 9.999930901104042,0.197
2478 , 9.999930956631344,0.197
2479 , 9.99992750225966,0.197
2480 , 9.999925526973017,0.197
2481 , 9.999930956140041,0.197
2482 , 9.999930956631344,0.197
2483 , 9.999930956631344,0.197
2484 , 9.999748379232692,0.197
2485 , 9.99896478784007,0.197
2486 , 9.999930956631344,0.197
2487 , 9.999930829665825,0.197
2488 , 9.999930894173575,0.197
2489 , 9.999930956631344,0.197
2490 , 9.999930956631344,0.197
2491 , 9.999930956631344,0.197
2492 , 9.999930956631344,0.197
2493 , 9.999930956631344,0.197
2494 , 9.999930783477659,0.198
2495 , 9.99993085742146,0.198
2496 , 9.999930924835862,0.198
Score: 9.999930956631344
Runtime: 198ms
